% https://archive.ics.uci.edu/dataset/70/monk+s+problems

% monks2-bipolar

% a10 numeric
% a11 numeric
% a20 numeric
% a21 numeric
% a3 numeric
% a40 numeric
% a41 numeric
% a50 numeric
% a51 numeric
% a52 numeric
% a6 numeric
% bias numeric
% class -1 +1

-1.0 -1.0 -1.0 -1.0 -1.0 -1.0 -1.0 -1.0 -1.0 -1.0 -1.0 -1.0 -1
-1.0 -1.0 -1.0 -1.0 -1.0 -1.0 -1.0 -1.0 -1.0 -1.0 1.0 -1.0 -1
-1.0 -1.0 -1.0 -1.0 -1.0 -1.0 -1.0 1.0 -1.0 -1.0 -1.0 -1.0 -1
-1.0 -1.0 -1.0 -1.0 -1.0 -1.0 -1.0 1.0 -1.0 -1.0 1.0 -1.0 -1
-1.0 -1.0 -1.0 -1.0 -1.0 -1.0 -1.0 -1.0 1.0 -1.0 -1.0 -1.0 -1
-1.0 -1.0 -1.0 -1.0 -1.0 -1.0 -1.0 -1.0 1.0 -1.0 1.0 -1.0 -1
-1.0 -1.0 -1.0 -1.0 -1.0 -1.0 -1.0 1.0 1.0 -1.0 -1.0 -1.0 -1
-1.0 -1.0 -1.0 -1.0 -1.0 -1.0 -1.0 1.0 1.0 -1.0 1.0 -1.0 -1
-1.0 -1.0 -1.0 -1.0 -1.0 1.0 -1.0 -1.0 -1.0 -1.0 -1.0 -1.0 -1
-1.0 -1.0 -1.0 -1.0 -1.0 1.0 -1.0 -1.0 -1.0 -1.0 1.0 -1.0 -1
-1.0 -1.0 -1.0 -1.0 -1.0 1.0 -1.0 1.0 -1.0 -1.0 -1.0 -1.0 -1
-1.0 -1.0 -1.0 -1.0 -1.0 1.0 -1.0 1.0 -1.0 -1.0 1.0 -1.0 -1
-1.0 -1.0 -1.0 -1.0 -1.0 1.0 -1.0 -1.0 1.0 -1.0 -1.0 -1.0 -1
-1.0 -1.0 -1.0 -1.0 -1.0 1.0 -1.0 -1.0 1.0 -1.0 1.0 -1.0 -1
-1.0 -1.0 -1.0 -1.0 -1.0 1.0 -1.0 1.0 1.0 -1.0 -1.0 -1.0 -1
-1.0 -1.0 -1.0 -1.0 -1.0 1.0 -1.0 1.0 1.0 -1.0 1.0 -1.0 -1
-1.0 -1.0 -1.0 -1.0 -1.0 -1.0 1.0 -1.0 -1.0 -1.0 -1.0 -1.0 -1
-1.0 -1.0 -1.0 -1.0 -1.0 -1.0 1.0 -1.0 -1.0 -1.0 1.0 -1.0 -1
-1.0 -1.0 -1.0 -1.0 -1.0 -1.0 1.0 1.0 -1.0 -1.0 -1.0 -1.0 -1
-1.0 -1.0 -1.0 -1.0 -1.0 -1.0 1.0 1.0 -1.0 -1.0 1.0 -1.0 -1
-1.0 -1.0 -1.0 -1.0 -1.0 -1.0 1.0 -1.0 1.0 -1.0 -1.0 -1.0 -1
-1.0 -1.0 -1.0 -1.0 -1.0 -1.0 1.0 -1.0 1.0 -1.0 1.0 -1.0 -1
-1.0 -1.0 -1.0 -1.0 -1.0 -1.0 1.0 1.0 1.0 -1.0 -1.0 -1.0 -1
-1.0 -1.0 -1.0 -1.0 -1.0 -1.0 1.0 1.0 1.0 -1.0 1.0 -1.0 -1
-1.0 -1.0 -1.0 -1.0 1.0 -1.0 -1.0 -1.0 -1.0 -1.0 -1.0 -1.0 -1
-1.0 -1.0 -1.0 -1.0 1.0 -1.0 -1.0 -1.0 -1.0 -1.0 1.0 -1.0 -1
-1.0 -1.0 -1.0 -1.0 1.0 -1.0 -1.0 1.0 -1.0 -1.0 -1.0 -1.0 -1
-1.0 -1.0 -1.0 -1.0 1.0 -1.0 -1.0 1.0 -1.0 -1.0 1.0 -1.0 -1
-1.0 -1.0 -1.0 -1.0 1.0 -1.0 -1.0 -1.0 1.0 -1.0 -1.0 -1.0 -1
-1.0 -1.0 -1.0 -1.0 1.0 -1.0 -1.0 -1.0 1.0 -1.0 1.0 -1.0 -1
-1.0 -1.0 -1.0 -1.0 1.0 -1.0 -1.0 1.0 1.0 -1.0 -1.0 -1.0 -1
-1.0 -1.0 -1.0 -1.0 1.0 -1.0 -1.0 1.0 1.0 -1.0 1.0 -1.0 -1
-1.0 -1.0 -1.0 -1.0 1.0 1.0 -1.0 -1.0 -1.0 -1.0 -1.0 -1.0 -1
-1.0 -1.0 -1.0 -1.0 1.0 1.0 -1.0 -1.0 -1.0 -1.0 1.0 -1.0 -1
-1.0 -1.0 -1.0 -1.0 1.0 1.0 -1.0 1.0 -1.0 -1.0 -1.0 -1.0 -1
-1.0 -1.0 -1.0 -1.0 1.0 1.0 -1.0 1.0 -1.0 -1.0 1.0 -1.0 +1
-1.0 -1.0 -1.0 -1.0 1.0 1.0 -1.0 -1.0 1.0 -1.0 -1.0 -1.0 -1
-1.0 -1.0 -1.0 -1.0 1.0 1.0 -1.0 -1.0 1.0 -1.0 1.0 -1.0 +1
-1.0 -1.0 -1.0 -1.0 1.0 1.0 -1.0 1.0 1.0 -1.0 -1.0 -1.0 -1
-1.0 -1.0 -1.0 -1.0 1.0 1.0 -1.0 1.0 1.0 -1.0 1.0 -1.0 +1
-1.0 -1.0 -1.0 -1.0 1.0 -1.0 1.0 -1.0 -1.0 -1.0 -1.0 -1.0 -1
-1.0 -1.0 -1.0 -1.0 1.0 -1.0 1.0 -1.0 -1.0 -1.0 1.0 -1.0 -1
-1.0 -1.0 -1.0 -1.0 1.0 -1.0 1.0 1.0 -1.0 -1.0 -1.0 -1.0 -1
-1.0 -1.0 -1.0 -1.0 1.0 -1.0 1.0 1.0 -1.0 -1.0 1.0 -1.0 +1
-1.0 -1.0 -1.0 -1.0 1.0 -1.0 1.0 -1.0 1.0 -1.0 -1.0 -1.0 -1
-1.0 -1.0 -1.0 -1.0 1.0 -1.0 1.0 -1.0 1.0 -1.0 1.0 -1.0 +1
-1.0 -1.0 -1.0 -1.0 1.0 -1.0 1.0 1.0 1.0 -1.0 -1.0 -1.0 -1
-1.0 -1.0 -1.0 -1.0 1.0 -1.0 1.0 1.0 1.0 -1.0 1.0 -1.0 +1
-1.0 -1.0 1.0 -1.0 -1.0 -1.0 -1.0 -1.0 -1.0 -1.0 -1.0 -1.0 -1
-1.0 -1.0 1.0 -1.0 -1.0 -1.0 -1.0 -1.0 -1.0 -1.0 1.0 -1.0 -1
-1.0 -1.0 1.0 -1.0 -1.0 -1.0 -1.0 1.0 -1.0 -1.0 -1.0 -1.0 -1
-1.0 -1.0 1.0 -1.0 -1.0 -1.0 -1.0 1.0 -1.0 -1.0 1.0 -1.0 -1
-1.0 -1.0 1.0 -1.0 -1.0 -1.0 -1.0 -1.0 1.0 -1.0 -1.0 -1.0 -1
-1.0 -1.0 1.0 -1.0 -1.0 -1.0 -1.0 -1.0 1.0 -1.0 1.0 -1.0 -1
-1.0 -1.0 1.0 -1.0 -1.0 -1.0 -1.0 1.0 1.0 -1.0 -1.0 -1.0 -1
-1.0 -1.0 1.0 -1.0 -1.0 -1.0 -1.0 1.0 1.0 -1.0 1.0 -1.0 -1
-1.0 -1.0 1.0 -1.0 -1.0 1.0 -1.0 -1.0 -1.0 -1.0 -1.0 -1.0 -1
-1.0 -1.0 1.0 -1.0 -1.0 1.0 -1.0 -1.0 -1.0 -1.0 1.0 -1.0 -1
-1.0 -1.0 1.0 -1.0 -1.0 1.0 -1.0 1.0 -1.0 -1.0 -1.0 -1.0 -1
-1.0 -1.0 1.0 -1.0 -1.0 1.0 -1.0 1.0 -1.0 -1.0 1.0 -1.0 +1
-1.0 -1.0 1.0 -1.0 -1.0 1.0 -1.0 -1.0 1.0 -1.0 -1.0 -1.0 -1
-1.0 -1.0 1.0 -1.0 -1.0 1.0 -1.0 -1.0 1.0 -1.0 1.0 -1.0 +1
-1.0 -1.0 1.0 -1.0 -1.0 1.0 -1.0 1.0 1.0 -1.0 -1.0 -1.0 -1
-1.0 -1.0 1.0 -1.0 -1.0 1.0 -1.0 1.0 1.0 -1.0 1.0 -1.0 +1
-1.0 -1.0 1.0 -1.0 -1.0 -1.0 1.0 -1.0 -1.0 -1.0 -1.0 -1.0 -1
-1.0 -1.0 1.0 -1.0 -1.0 -1.0 1.0 -1.0 -1.0 -1.0 1.0 -1.0 -1
-1.0 -1.0 1.0 -1.0 -1.0 -1.0 1.0 1.0 -1.0 -1.0 -1.0 -1.0 -1
-1.0 -1.0 1.0 -1.0 -1.0 -1.0 1.0 1.0 -1.0 -1.0 1.0 -1.0 +1
-1.0 -1.0 1.0 -1.0 -1.0 -1.0 1.0 -1.0 1.0 -1.0 -1.0 -1.0 -1
-1.0 -1.0 1.0 -1.0 -1.0 -1.0 1.0 -1.0 1.0 -1.0 1.0 -1.0 +1
-1.0 -1.0 1.0 -1.0 -1.0 -1.0 1.0 1.0 1.0 -1.0 -1.0 -1.0 -1
-1.0 -1.0 1.0 -1.0 -1.0 -1.0 1.0 1.0 1.0 -1.0 1.0 -1.0 +1
-1.0 -1.0 1.0 -1.0 1.0 -1.0 -1.0 -1.0 -1.0 -1.0 -1.0 -1.0 -1
-1.0 -1.0 1.0 -1.0 1.0 -1.0 -1.0 -1.0 -1.0 -1.0 1.0 -1.0 -1
-1.0 -1.0 1.0 -1.0 1.0 -1.0 -1.0 1.0 -1.0 -1.0 -1.0 -1.0 -1
-1.0 -1.0 1.0 -1.0 1.0 -1.0 -1.0 1.0 -1.0 -1.0 1.0 -1.0 +1
-1.0 -1.0 1.0 -1.0 1.0 -1.0 -1.0 -1.0 1.0 -1.0 -1.0 -1.0 -1
-1.0 -1.0 1.0 -1.0 1.0 -1.0 -1.0 -1.0 1.0 -1.0 1.0 -1.0 +1
-1.0 -1.0 1.0 -1.0 1.0 -1.0 -1.0 1.0 1.0 -1.0 -1.0 -1.0 -1
-1.0 -1.0 1.0 -1.0 1.0 -1.0 -1.0 1.0 1.0 -1.0 1.0 -1.0 +1
-1.0 -1.0 1.0 -1.0 1.0 1.0 -1.0 -1.0 -1.0 -1.0 -1.0 -1.0 -1
-1.0 -1.0 1.0 -1.0 1.0 1.0 -1.0 -1.0 -1.0 -1.0 1.0 -1.0 +1
-1.0 -1.0 1.0 -1.0 1.0 1.0 -1.0 1.0 -1.0 -1.0 -1.0 -1.0 +1
-1.0 -1.0 1.0 -1.0 1.0 1.0 -1.0 1.0 -1.0 -1.0 1.0 -1.0 -1
-1.0 -1.0 1.0 -1.0 1.0 1.0 -1.0 -1.0 1.0 -1.0 -1.0 -1.0 +1
-1.0 -1.0 1.0 -1.0 1.0 1.0 -1.0 -1.0 1.0 -1.0 1.0 -1.0 -1
-1.0 -1.0 1.0 -1.0 1.0 1.0 -1.0 1.0 1.0 -1.0 -1.0 -1.0 +1
-1.0 -1.0 1.0 -1.0 1.0 1.0 -1.0 1.0 1.0 -1.0 1.0 -1.0 -1
-1.0 -1.0 1.0 -1.0 1.0 -1.0 1.0 -1.0 -1.0 -1.0 -1.0 -1.0 -1
-1.0 -1.0 1.0 -1.0 1.0 -1.0 1.0 -1.0 -1.0 -1.0 1.0 -1.0 +1
-1.0 -1.0 1.0 -1.0 1.0 -1.0 1.0 1.0 -1.0 -1.0 -1.0 -1.0 +1
-1.0 -1.0 1.0 -1.0 1.0 -1.0 1.0 1.0 -1.0 -1.0 1.0 -1.0 -1
-1.0 -1.0 1.0 -1.0 1.0 -1.0 1.0 -1.0 1.0 -1.0 -1.0 -1.0 +1
-1.0 -1.0 1.0 -1.0 1.0 -1.0 1.0 -1.0 1.0 -1.0 1.0 -1.0 -1
-1.0 -1.0 1.0 -1.0 1.0 -1.0 1.0 1.0 1.0 -1.0 -1.0 -1.0 +1
-1.0 -1.0 1.0 -1.0 1.0 -1.0 1.0 1.0 1.0 -1.0 1.0 -1.0 -1
-1.0 -1.0 -1.0 1.0 -1.0 -1.0 -1.0 -1.0 -1.0 -1.0 -1.0 -1.0 -1
-1.0 -1.0 -1.0 1.0 -1.0 -1.0 -1.0 -1.0 -1.0 -1.0 1.0 -1.0 -1
-1.0 -1.0 -1.0 1.0 -1.0 -1.0 -1.0 1.0 -1.0 -1.0 -1.0 -1.0 -1
-1.0 -1.0 -1.0 1.0 -1.0 -1.0 -1.0 1.0 -1.0 -1.0 1.0 -1.0 -1
-1.0 -1.0 -1.0 1.0 -1.0 -1.0 -1.0 -1.0 1.0 -1.0 -1.0 -1.0 -1
-1.0 -1.0 -1.0 1.0 -1.0 -1.0 -1.0 -1.0 1.0 -1.0 1.0 -1.0 -1
-1.0 -1.0 -1.0 1.0 -1.0 -1.0 -1.0 1.0 1.0 -1.0 -1.0 -1.0 -1
-1.0 -1.0 -1.0 1.0 -1.0 -1.0 -1.0 1.0 1.0 -1.0 1.0 -1.0 -1
-1.0 -1.0 -1.0 1.0 -1.0 1.0 -1.0 -1.0 -1.0 -1.0 -1.0 -1.0 -1
-1.0 -1.0 -1.0 1.0 -1.0 1.0 -1.0 -1.0 -1.0 -1.0 1.0 -1.0 -1
-1.0 -1.0 -1.0 1.0 -1.0 1.0 -1.0 1.0 -1.0 -1.0 -1.0 -1.0 -1
-1.0 -1.0 -1.0 1.0 -1.0 1.0 -1.0 1.0 -1.0 -1.0 1.0 -1.0 +1
-1.0 -1.0 -1.0 1.0 -1.0 1.0 -1.0 -1.0 1.0 -1.0 -1.0 -1.0 -1
-1.0 -1.0 -1.0 1.0 -1.0 1.0 -1.0 -1.0 1.0 -1.0 1.0 -1.0 +1
-1.0 -1.0 -1.0 1.0 -1.0 1.0 -1.0 1.0 1.0 -1.0 -1.0 -1.0 -1
-1.0 -1.0 -1.0 1.0 -1.0 1.0 -1.0 1.0 1.0 -1.0 1.0 -1.0 +1
-1.0 -1.0 -1.0 1.0 -1.0 -1.0 1.0 -1.0 -1.0 -1.0 -1.0 -1.0 -1
-1.0 -1.0 -1.0 1.0 -1.0 -1.0 1.0 -1.0 -1.0 -1.0 1.0 -1.0 -1
-1.0 -1.0 -1.0 1.0 -1.0 -1.0 1.0 1.0 -1.0 -1.0 -1.0 -1.0 -1
-1.0 -1.0 -1.0 1.0 -1.0 -1.0 1.0 1.0 -1.0 -1.0 1.0 -1.0 +1
-1.0 -1.0 -1.0 1.0 -1.0 -1.0 1.0 -1.0 1.0 -1.0 -1.0 -1.0 -1
-1.0 -1.0 -1.0 1.0 -1.0 -1.0 1.0 -1.0 1.0 -1.0 1.0 -1.0 +1
-1.0 -1.0 -1.0 1.0 -1.0 -1.0 1.0 1.0 1.0 -1.0 -1.0 -1.0 -1
-1.0 -1.0 -1.0 1.0 -1.0 -1.0 1.0 1.0 1.0 -1.0 1.0 -1.0 +1
-1.0 -1.0 -1.0 1.0 1.0 -1.0 -1.0 -1.0 -1.0 -1.0 -1.0 -1.0 -1
-1.0 -1.0 -1.0 1.0 1.0 -1.0 -1.0 -1.0 -1.0 -1.0 1.0 -1.0 -1
-1.0 -1.0 -1.0 1.0 1.0 -1.0 -1.0 1.0 -1.0 -1.0 -1.0 -1.0 -1
-1.0 -1.0 -1.0 1.0 1.0 -1.0 -1.0 1.0 -1.0 -1.0 1.0 -1.0 +1
-1.0 -1.0 -1.0 1.0 1.0 -1.0 -1.0 -1.0 1.0 -1.0 -1.0 -1.0 -1
-1.0 -1.0 -1.0 1.0 1.0 -1.0 -1.0 -1.0 1.0 -1.0 1.0 -1.0 +1
-1.0 -1.0 -1.0 1.0 1.0 -1.0 -1.0 1.0 1.0 -1.0 -1.0 -1.0 -1
-1.0 -1.0 -1.0 1.0 1.0 -1.0 -1.0 1.0 1.0 -1.0 1.0 -1.0 +1
-1.0 -1.0 -1.0 1.0 1.0 1.0 -1.0 -1.0 -1.0 -1.0 -1.0 -1.0 -1
-1.0 -1.0 -1.0 1.0 1.0 1.0 -1.0 -1.0 -1.0 -1.0 1.0 -1.0 +1
-1.0 -1.0 -1.0 1.0 1.0 1.0 -1.0 1.0 -1.0 -1.0 -1.0 -1.0 +1
-1.0 -1.0 -1.0 1.0 1.0 1.0 -1.0 1.0 -1.0 -1.0 1.0 -1.0 -1
-1.0 -1.0 -1.0 1.0 1.0 1.0 -1.0 -1.0 1.0 -1.0 -1.0 -1.0 +1
-1.0 -1.0 -1.0 1.0 1.0 1.0 -1.0 -1.0 1.0 -1.0 1.0 -1.0 -1
-1.0 -1.0 -1.0 1.0 1.0 1.0 -1.0 1.0 1.0 -1.0 -1.0 -1.0 +1
-1.0 -1.0 -1.0 1.0 1.0 1.0 -1.0 1.0 1.0 -1.0 1.0 -1.0 -1
-1.0 -1.0 -1.0 1.0 1.0 -1.0 1.0 -1.0 -1.0 -1.0 -1.0 -1.0 -1
-1.0 -1.0 -1.0 1.0 1.0 -1.0 1.0 -1.0 -1.0 -1.0 1.0 -1.0 +1
-1.0 -1.0 -1.0 1.0 1.0 -1.0 1.0 1.0 -1.0 -1.0 -1.0 -1.0 +1
-1.0 -1.0 -1.0 1.0 1.0 -1.0 1.0 1.0 -1.0 -1.0 1.0 -1.0 -1
-1.0 -1.0 -1.0 1.0 1.0 -1.0 1.0 -1.0 1.0 -1.0 -1.0 -1.0 +1
-1.0 -1.0 -1.0 1.0 1.0 -1.0 1.0 -1.0 1.0 -1.0 1.0 -1.0 -1
-1.0 -1.0 -1.0 1.0 1.0 -1.0 1.0 1.0 1.0 -1.0 -1.0 -1.0 +1
-1.0 -1.0 -1.0 1.0 1.0 -1.0 1.0 1.0 1.0 -1.0 1.0 -1.0 -1
1.0 -1.0 -1.0 -1.0 -1.0 -1.0 -1.0 -1.0 -1.0 -1.0 -1.0 -1.0 -1
1.0 -1.0 -1.0 -1.0 -1.0 -1.0 -1.0 -1.0 -1.0 -1.0 1.0 -1.0 -1
1.0 -1.0 -1.0 -1.0 -1.0 -1.0 -1.0 1.0 -1.0 -1.0 -1.0 -1.0 -1
1.0 -1.0 -1.0 -1.0 -1.0 -1.0 -1.0 1.0 -1.0 -1.0 1.0 -1.0 -1
1.0 -1.0 -1.0 -1.0 -1.0 -1.0 -1.0 -1.0 1.0 -1.0 -1.0 -1.0 -1
1.0 -1.0 -1.0 -1.0 -1.0 -1.0 -1.0 -1.0 1.0 -1.0 1.0 -1.0 -1
1.0 -1.0 -1.0 -1.0 -1.0 -1.0 -1.0 1.0 1.0 -1.0 -1.0 -1.0 -1
1.0 -1.0 -1.0 -1.0 -1.0 -1.0 -1.0 1.0 1.0 -1.0 1.0 -1.0 -1
1.0 -1.0 -1.0 -1.0 -1.0 1.0 -1.0 -1.0 -1.0 -1.0 -1.0 -1.0 -1
1.0 -1.0 -1.0 -1.0 -1.0 1.0 -1.0 -1.0 -1.0 -1.0 1.0 -1.0 -1
1.0 -1.0 -1.0 -1.0 -1.0 1.0 -1.0 1.0 -1.0 -1.0 -1.0 -1.0 -1
1.0 -1.0 -1.0 -1.0 -1.0 1.0 -1.0 1.0 -1.0 -1.0 1.0 -1.0 +1
1.0 -1.0 -1.0 -1.0 -1.0 1.0 -1.0 -1.0 1.0 -1.0 -1.0 -1.0 -1
1.0 -1.0 -1.0 -1.0 -1.0 1.0 -1.0 -1.0 1.0 -1.0 1.0 -1.0 +1
1.0 -1.0 -1.0 -1.0 -1.0 1.0 -1.0 1.0 1.0 -1.0 -1.0 -1.0 -1
1.0 -1.0 -1.0 -1.0 -1.0 1.0 -1.0 1.0 1.0 -1.0 1.0 -1.0 +1
1.0 -1.0 -1.0 -1.0 -1.0 -1.0 1.0 -1.0 -1.0 -1.0 -1.0 -1.0 -1
1.0 -1.0 -1.0 -1.0 -1.0 -1.0 1.0 -1.0 -1.0 -1.0 1.0 -1.0 -1
1.0 -1.0 -1.0 -1.0 -1.0 -1.0 1.0 1.0 -1.0 -1.0 -1.0 -1.0 -1
1.0 -1.0 -1.0 -1.0 -1.0 -1.0 1.0 1.0 -1.0 -1.0 1.0 -1.0 +1
1.0 -1.0 -1.0 -1.0 -1.0 -1.0 1.0 -1.0 1.0 -1.0 -1.0 -1.0 -1
1.0 -1.0 -1.0 -1.0 -1.0 -1.0 1.0 -1.0 1.0 -1.0 1.0 -1.0 +1
1.0 -1.0 -1.0 -1.0 -1.0 -1.0 1.0 1.0 1.0 -1.0 -1.0 -1.0 -1
1.0 -1.0 -1.0 -1.0 -1.0 -1.0 1.0 1.0 1.0 -1.0 1.0 -1.0 +1
1.0 -1.0 -1.0 -1.0 1.0 -1.0 -1.0 -1.0 -1.0 -1.0 -1.0 -1.0 -1
1.0 -1.0 -1.0 -1.0 1.0 -1.0 -1.0 -1.0 -1.0 -1.0 1.0 -1.0 -1
1.0 -1.0 -1.0 -1.0 1.0 -1.0 -1.0 1.0 -1.0 -1.0 -1.0 -1.0 -1
1.0 -1.0 -1.0 -1.0 1.0 -1.0 -1.0 1.0 -1.0 -1.0 1.0 -1.0 +1
1.0 -1.0 -1.0 -1.0 1.0 -1.0 -1.0 -1.0 1.0 -1.0 -1.0 -1.0 -1
1.0 -1.0 -1.0 -1.0 1.0 -1.0 -1.0 -1.0 1.0 -1.0 1.0 -1.0 +1
1.0 -1.0 -1.0 -1.0 1.0 -1.0 -1.0 1.0 1.0 -1.0 -1.0 -1.0 -1
1.0 -1.0 -1.0 -1.0 1.0 -1.0 -1.0 1.0 1.0 -1.0 1.0 -1.0 +1
1.0 -1.0 -1.0 -1.0 1.0 1.0 -1.0 -1.0 -1.0 -1.0 -1.0 -1.0 -1
1.0 -1.0 -1.0 -1.0 1.0 1.0 -1.0 -1.0 -1.0 -1.0 1.0 -1.0 +1
1.0 -1.0 -1.0 -1.0 1.0 1.0 -1.0 1.0 -1.0 -1.0 -1.0 -1.0 +1
1.0 -1.0 -1.0 -1.0 1.0 1.0 -1.0 1.0 -1.0 -1.0 1.0 -1.0 -1
1.0 -1.0 -1.0 -1.0 1.0 1.0 -1.0 -1.0 1.0 -1.0 -1.0 -1.0 +1
1.0 -1.0 -1.0 -1.0 1.0 1.0 -1.0 -1.0 1.0 -1.0 1.0 -1.0 -1
1.0 -1.0 -1.0 -1.0 1.0 1.0 -1.0 1.0 1.0 -1.0 -1.0 -1.0 +1
1.0 -1.0 -1.0 -1.0 1.0 1.0 -1.0 1.0 1.0 -1.0 1.0 -1.0 -1
1.0 -1.0 -1.0 -1.0 1.0 -1.0 1.0 -1.0 -1.0 -1.0 -1.0 -1.0 -1
1.0 -1.0 -1.0 -1.0 1.0 -1.0 1.0 -1.0 -1.0 -1.0 1.0 -1.0 +1
1.0 -1.0 -1.0 -1.0 1.0 -1.0 1.0 1.0 -1.0 -1.0 -1.0 -1.0 +1
1.0 -1.0 -1.0 -1.0 1.0 -1.0 1.0 1.0 -1.0 -1.0 1.0 -1.0 -1
1.0 -1.0 -1.0 -1.0 1.0 -1.0 1.0 -1.0 1.0 -1.0 -1.0 -1.0 +1
1.0 -1.0 -1.0 -1.0 1.0 -1.0 1.0 -1.0 1.0 -1.0 1.0 -1.0 -1
1.0 -1.0 -1.0 -1.0 1.0 -1.0 1.0 1.0 1.0 -1.0 -1.0 -1.0 +1
1.0 -1.0 -1.0 -1.0 1.0 -1.0 1.0 1.0 1.0 -1.0 1.0 -1.0 -1
1.0 -1.0 1.0 -1.0 -1.0 -1.0 -1.0 -1.0 -1.0 -1.0 -1.0 -1.0 -1
1.0 -1.0 1.0 -1.0 -1.0 -1.0 -1.0 -1.0 -1.0 -1.0 1.0 -1.0 -1
1.0 -1.0 1.0 -1.0 -1.0 -1.0 -1.0 1.0 -1.0 -1.0 -1.0 -1.0 -1
1.0 -1.0 1.0 -1.0 -1.0 -1.0 -1.0 1.0 -1.0 -1.0 1.0 -1.0 +1
1.0 -1.0 1.0 -1.0 -1.0 -1.0 -1.0 -1.0 1.0 -1.0 -1.0 -1.0 -1
1.0 -1.0 1.0 -1.0 -1.0 -1.0 -1.0 -1.0 1.0 -1.0 1.0 -1.0 +1
1.0 -1.0 1.0 -1.0 -1.0 -1.0 -1.0 1.0 1.0 -1.0 -1.0 -1.0 -1
1.0 -1.0 1.0 -1.0 -1.0 -1.0 -1.0 1.0 1.0 -1.0 1.0 -1.0 +1
1.0 -1.0 1.0 -1.0 -1.0 1.0 -1.0 -1.0 -1.0 -1.0 -1.0 -1.0 -1
1.0 -1.0 1.0 -1.0 -1.0 1.0 -1.0 -1.0 -1.0 -1.0 1.0 -1.0 +1
1.0 -1.0 1.0 -1.0 -1.0 1.0 -1.0 1.0 -1.0 -1.0 -1.0 -1.0 +1
1.0 -1.0 1.0 -1.0 -1.0 1.0 -1.0 1.0 -1.0 -1.0 1.0 -1.0 -1
1.0 -1.0 1.0 -1.0 -1.0 1.0 -1.0 -1.0 1.0 -1.0 -1.0 -1.0 +1
1.0 -1.0 1.0 -1.0 -1.0 1.0 -1.0 -1.0 1.0 -1.0 1.0 -1.0 -1
1.0 -1.0 1.0 -1.0 -1.0 1.0 -1.0 1.0 1.0 -1.0 -1.0 -1.0 +1
1.0 -1.0 1.0 -1.0 -1.0 1.0 -1.0 1.0 1.0 -1.0 1.0 -1.0 -1
1.0 -1.0 1.0 -1.0 -1.0 -1.0 1.0 -1.0 -1.0 -1.0 -1.0 -1.0 -1
1.0 -1.0 1.0 -1.0 -1.0 -1.0 1.0 -1.0 -1.0 -1.0 1.0 -1.0 +1
1.0 -1.0 1.0 -1.0 -1.0 -1.0 1.0 1.0 -1.0 -1.0 -1.0 -1.0 +1
1.0 -1.0 1.0 -1.0 -1.0 -1.0 1.0 1.0 -1.0 -1.0 1.0 -1.0 -1
1.0 -1.0 1.0 -1.0 -1.0 -1.0 1.0 -1.0 1.0 -1.0 -1.0 -1.0 +1
1.0 -1.0 1.0 -1.0 -1.0 -1.0 1.0 -1.0 1.0 -1.0 1.0 -1.0 -1
1.0 -1.0 1.0 -1.0 -1.0 -1.0 1.0 1.0 1.0 -1.0 -1.0 -1.0 +1
1.0 -1.0 1.0 -1.0 -1.0 -1.0 1.0 1.0 1.0 -1.0 1.0 -1.0 -1
1.0 -1.0 1.0 -1.0 1.0 -1.0 -1.0 -1.0 -1.0 -1.0 -1.0 -1.0 -1
1.0 -1.0 1.0 -1.0 1.0 -1.0 -1.0 -1.0 -1.0 -1.0 1.0 -1.0 +1
1.0 -1.0 1.0 -1.0 1.0 -1.0 -1.0 1.0 -1.0 -1.0 -1.0 -1.0 +1
1.0 -1.0 1.0 -1.0 1.0 -1.0 -1.0 1.0 -1.0 -1.0 1.0 -1.0 -1
1.0 -1.0 1.0 -1.0 1.0 -1.0 -1.0 -1.0 1.0 -1.0 -1.0 -1.0 +1
1.0 -1.0 1.0 -1.0 1.0 -1.0 -1.0 -1.0 1.0 -1.0 1.0 -1.0 -1
1.0 -1.0 1.0 -1.0 1.0 -1.0 -1.0 1.0 1.0 -1.0 -1.0 -1.0 +1
1.0 -1.0 1.0 -1.0 1.0 -1.0 -1.0 1.0 1.0 -1.0 1.0 -1.0 -1
1.0 -1.0 1.0 -1.0 1.0 1.0 -1.0 -1.0 -1.0 -1.0 -1.0 -1.0 +1
1.0 -1.0 1.0 -1.0 1.0 1.0 -1.0 -1.0 -1.0 -1.0 1.0 -1.0 -1
1.0 -1.0 1.0 -1.0 1.0 1.0 -1.0 1.0 -1.0 -1.0 -1.0 -1.0 -1
1.0 -1.0 1.0 -1.0 1.0 1.0 -1.0 1.0 -1.0 -1.0 1.0 -1.0 -1
1.0 -1.0 1.0 -1.0 1.0 1.0 -1.0 -1.0 1.0 -1.0 -1.0 -1.0 -1
1.0 -1.0 1.0 -1.0 1.0 1.0 -1.0 -1.0 1.0 -1.0 1.0 -1.0 -1
1.0 -1.0 1.0 -1.0 1.0 1.0 -1.0 1.0 1.0 -1.0 -1.0 -1.0 -1
1.0 -1.0 1.0 -1.0 1.0 1.0 -1.0 1.0 1.0 -1.0 1.0 -1.0 -1
1.0 -1.0 1.0 -1.0 1.0 -1.0 1.0 -1.0 -1.0 -1.0 -1.0 -1.0 +1
1.0 -1.0 1.0 -1.0 1.0 -1.0 1.0 -1.0 -1.0 -1.0 1.0 -1.0 -1
1.0 -1.0 1.0 -1.0 1.0 -1.0 1.0 1.0 -1.0 -1.0 -1.0 -1.0 -1
1.0 -1.0 1.0 -1.0 1.0 -1.0 1.0 1.0 -1.0 -1.0 1.0 -1.0 -1
1.0 -1.0 1.0 -1.0 1.0 -1.0 1.0 -1.0 1.0 -1.0 -1.0 -1.0 -1
1.0 -1.0 1.0 -1.0 1.0 -1.0 1.0 -1.0 1.0 -1.0 1.0 -1.0 -1
1.0 -1.0 1.0 -1.0 1.0 -1.0 1.0 1.0 1.0 -1.0 -1.0 -1.0 -1
1.0 -1.0 1.0 -1.0 1.0 -1.0 1.0 1.0 1.0 -1.0 1.0 -1.0 -1
1.0 -1.0 -1.0 1.0 -1.0 -1.0 -1.0 -1.0 -1.0 -1.0 -1.0 -1.0 -1
1.0 -1.0 -1.0 1.0 -1.0 -1.0 -1.0 -1.0 -1.0 -1.0 1.0 -1.0 -1
1.0 -1.0 -1.0 1.0 -1.0 -1.0 -1.0 1.0 -1.0 -1.0 -1.0 -1.0 -1
1.0 -1.0 -1.0 1.0 -1.0 -1.0 -1.0 1.0 -1.0 -1.0 1.0 -1.0 +1
1.0 -1.0 -1.0 1.0 -1.0 -1.0 -1.0 -1.0 1.0 -1.0 -1.0 -1.0 -1
1.0 -1.0 -1.0 1.0 -1.0 -1.0 -1.0 -1.0 1.0 -1.0 1.0 -1.0 +1
1.0 -1.0 -1.0 1.0 -1.0 -1.0 -1.0 1.0 1.0 -1.0 -1.0 -1.0 -1
1.0 -1.0 -1.0 1.0 -1.0 -1.0 -1.0 1.0 1.0 -1.0 1.0 -1.0 +1
1.0 -1.0 -1.0 1.0 -1.0 1.0 -1.0 -1.0 -1.0 -1.0 -1.0 -1.0 -1
1.0 -1.0 -1.0 1.0 -1.0 1.0 -1.0 -1.0 -1.0 -1.0 1.0 -1.0 +1
1.0 -1.0 -1.0 1.0 -1.0 1.0 -1.0 1.0 -1.0 -1.0 -1.0 -1.0 +1
1.0 -1.0 -1.0 1.0 -1.0 1.0 -1.0 1.0 -1.0 -1.0 1.0 -1.0 -1
1.0 -1.0 -1.0 1.0 -1.0 1.0 -1.0 -1.0 1.0 -1.0 -1.0 -1.0 +1
1.0 -1.0 -1.0 1.0 -1.0 1.0 -1.0 -1.0 1.0 -1.0 1.0 -1.0 -1
1.0 -1.0 -1.0 1.0 -1.0 1.0 -1.0 1.0 1.0 -1.0 -1.0 -1.0 +1
1.0 -1.0 -1.0 1.0 -1.0 1.0 -1.0 1.0 1.0 -1.0 1.0 -1.0 -1
1.0 -1.0 -1.0 1.0 -1.0 -1.0 1.0 -1.0 -1.0 -1.0 -1.0 -1.0 -1
1.0 -1.0 -1.0 1.0 -1.0 -1.0 1.0 -1.0 -1.0 -1.0 1.0 -1.0 +1
1.0 -1.0 -1.0 1.0 -1.0 -1.0 1.0 1.0 -1.0 -1.0 -1.0 -1.0 +1
1.0 -1.0 -1.0 1.0 -1.0 -1.0 1.0 1.0 -1.0 -1.0 1.0 -1.0 -1
1.0 -1.0 -1.0 1.0 -1.0 -1.0 1.0 -1.0 1.0 -1.0 -1.0 -1.0 +1
1.0 -1.0 -1.0 1.0 -1.0 -1.0 1.0 -1.0 1.0 -1.0 1.0 -1.0 -1
1.0 -1.0 -1.0 1.0 -1.0 -1.0 1.0 1.0 1.0 -1.0 -1.0 -1.0 +1
1.0 -1.0 -1.0 1.0 -1.0 -1.0 1.0 1.0 1.0 -1.0 1.0 -1.0 -1
1.0 -1.0 -1.0 1.0 1.0 -1.0 -1.0 -1.0 -1.0 -1.0 -1.0 -1.0 -1
1.0 -1.0 -1.0 1.0 1.0 -1.0 -1.0 -1.0 -1.0 -1.0 1.0 -1.0 +1
1.0 -1.0 -1.0 1.0 1.0 -1.0 -1.0 1.0 -1.0 -1.0 -1.0 -1.0 +1
1.0 -1.0 -1.0 1.0 1.0 -1.0 -1.0 1.0 -1.0 -1.0 1.0 -1.0 -1
1.0 -1.0 -1.0 1.0 1.0 -1.0 -1.0 -1.0 1.0 -1.0 -1.0 -1.0 +1
1.0 -1.0 -1.0 1.0 1.0 -1.0 -1.0 -1.0 1.0 -1.0 1.0 -1.0 -1
1.0 -1.0 -1.0 1.0 1.0 -1.0 -1.0 1.0 1.0 -1.0 -1.0 -1.0 +1
1.0 -1.0 -1.0 1.0 1.0 -1.0 -1.0 1.0 1.0 -1.0 1.0 -1.0 -1
1.0 -1.0 -1.0 1.0 1.0 1.0 -1.0 -1.0 -1.0 -1.0 -1.0 -1.0 +1
1.0 -1.0 -1.0 1.0 1.0 1.0 -1.0 -1.0 -1.0 -1.0 1.0 -1.0 -1
1.0 -1.0 -1.0 1.0 1.0 1.0 -1.0 1.0 -1.0 -1.0 -1.0 -1.0 -1
1.0 -1.0 -1.0 1.0 1.0 1.0 -1.0 1.0 -1.0 -1.0 1.0 -1.0 -1
1.0 -1.0 -1.0 1.0 1.0 1.0 -1.0 -1.0 1.0 -1.0 -1.0 -1.0 -1
1.0 -1.0 -1.0 1.0 1.0 1.0 -1.0 -1.0 1.0 -1.0 1.0 -1.0 -1
1.0 -1.0 -1.0 1.0 1.0 1.0 -1.0 1.0 1.0 -1.0 -1.0 -1.0 -1
1.0 -1.0 -1.0 1.0 1.0 1.0 -1.0 1.0 1.0 -1.0 1.0 -1.0 -1
1.0 -1.0 -1.0 1.0 1.0 -1.0 1.0 -1.0 -1.0 -1.0 -1.0 -1.0 +1
1.0 -1.0 -1.0 1.0 1.0 -1.0 1.0 -1.0 -1.0 -1.0 1.0 -1.0 -1
1.0 -1.0 -1.0 1.0 1.0 -1.0 1.0 1.0 -1.0 -1.0 -1.0 -1.0 -1
1.0 -1.0 -1.0 1.0 1.0 -1.0 1.0 1.0 -1.0 -1.0 1.0 -1.0 -1
1.0 -1.0 -1.0 1.0 1.0 -1.0 1.0 -1.0 1.0 -1.0 -1.0 -1.0 -1
1.0 -1.0 -1.0 1.0 1.0 -1.0 1.0 -1.0 1.0 -1.0 1.0 -1.0 -1
1.0 -1.0 -1.0 1.0 1.0 -1.0 1.0 1.0 1.0 -1.0 -1.0 -1.0 -1
1.0 -1.0 -1.0 1.0 1.0 -1.0 1.0 1.0 1.0 -1.0 1.0 -1.0 -1
-1.0 1.0 -1.0 -1.0 -1.0 -1.0 -1.0 -1.0 -1.0 -1.0 -1.0 -1.0 -1
-1.0 1.0 -1.0 -1.0 -1.0 -1.0 -1.0 -1.0 -1.0 -1.0 1.0 -1.0 -1
-1.0 1.0 -1.0 -1.0 -1.0 -1.0 -1.0 1.0 -1.0 -1.0 -1.0 -1.0 -1
-1.0 1.0 -1.0 -1.0 -1.0 -1.0 -1.0 1.0 -1.0 -1.0 1.0 -1.0 -1
-1.0 1.0 -1.0 -1.0 -1.0 -1.0 -1.0 -1.0 1.0 -1.0 -1.0 -1.0 -1
-1.0 1.0 -1.0 -1.0 -1.0 -1.0 -1.0 -1.0 1.0 -1.0 1.0 -1.0 -1
-1.0 1.0 -1.0 -1.0 -1.0 -1.0 -1.0 1.0 1.0 -1.0 -1.0 -1.0 -1
-1.0 1.0 -1.0 -1.0 -1.0 -1.0 -1.0 1.0 1.0 -1.0 1.0 -1.0 -1
-1.0 1.0 -1.0 -1.0 -1.0 1.0 -1.0 -1.0 -1.0 -1.0 -1.0 -1.0 -1
-1.0 1.0 -1.0 -1.0 -1.0 1.0 -1.0 -1.0 -1.0 -1.0 1.0 -1.0 -1
-1.0 1.0 -1.0 -1.0 -1.0 1.0 -1.0 1.0 -1.0 -1.0 -1.0 -1.0 -1
-1.0 1.0 -1.0 -1.0 -1.0 1.0 -1.0 1.0 -1.0 -1.0 1.0 -1.0 +1
-1.0 1.0 -1.0 -1.0 -1.0 1.0 -1.0 -1.0 1.0 -1.0 -1.0 -1.0 -1
-1.0 1.0 -1.0 -1.0 -1.0 1.0 -1.0 -1.0 1.0 -1.0 1.0 -1.0 +1
-1.0 1.0 -1.0 -1.0 -1.0 1.0 -1.0 1.0 1.0 -1.0 -1.0 -1.0 -1
-1.0 1.0 -1.0 -1.0 -1.0 1.0 -1.0 1.0 1.0 -1.0 1.0 -1.0 +1
-1.0 1.0 -1.0 -1.0 -1.0 -1.0 1.0 -1.0 -1.0 -1.0 -1.0 -1.0 -1
-1.0 1.0 -1.0 -1.0 -1.0 -1.0 1.0 -1.0 -1.0 -1.0 1.0 -1.0 -1
-1.0 1.0 -1.0 -1.0 -1.0 -1.0 1.0 1.0 -1.0 -1.0 -1.0 -1.0 -1
-1.0 1.0 -1.0 -1.0 -1.0 -1.0 1.0 1.0 -1.0 -1.0 1.0 -1.0 +1
-1.0 1.0 -1.0 -1.0 -1.0 -1.0 1.0 -1.0 1.0 -1.0 -1.0 -1.0 -1
-1.0 1.0 -1.0 -1.0 -1.0 -1.0 1.0 -1.0 1.0 -1.0 1.0 -1.0 +1
-1.0 1.0 -1.0 -1.0 -1.0 -1.0 1.0 1.0 1.0 -1.0 -1.0 -1.0 -1
-1.0 1.0 -1.0 -1.0 -1.0 -1.0 1.0 1.0 1.0 -1.0 1.0 -1.0 +1
-1.0 1.0 -1.0 -1.0 1.0 -1.0 -1.0 -1.0 -1.0 -1.0 -1.0 -1.0 -1
-1.0 1.0 -1.0 -1.0 1.0 -1.0 -1.0 -1.0 -1.0 -1.0 1.0 -1.0 -1
-1.0 1.0 -1.0 -1.0 1.0 -1.0 -1.0 1.0 -1.0 -1.0 -1.0 -1.0 -1
-1.0 1.0 -1.0 -1.0 1.0 -1.0 -1.0 1.0 -1.0 -1.0 1.0 -1.0 +1
-1.0 1.0 -1.0 -1.0 1.0 -1.0 -1.0 -1.0 1.0 -1.0 -1.0 -1.0 -1
-1.0 1.0 -1.0 -1.0 1.0 -1.0 -1.0 -1.0 1.0 -1.0 1.0 -1.0 +1
-1.0 1.0 -1.0 -1.0 1.0 -1.0 -1.0 1.0 1.0 -1.0 -1.0 -1.0 -1
-1.0 1.0 -1.0 -1.0 1.0 -1.0 -1.0 1.0 1.0 -1.0 1.0 -1.0 +1
-1.0 1.0 -1.0 -1.0 1.0 1.0 -1.0 -1.0 -1.0 -1.0 -1.0 -1.0 -1
-1.0 1.0 -1.0 -1.0 1.0 1.0 -1.0 -1.0 -1.0 -1.0 1.0 -1.0 +1
-1.0 1.0 -1.0 -1.0 1.0 1.0 -1.0 1.0 -1.0 -1.0 -1.0 -1.0 +1
-1.0 1.0 -1.0 -1.0 1.0 1.0 -1.0 1.0 -1.0 -1.0 1.0 -1.0 -1
-1.0 1.0 -1.0 -1.0 1.0 1.0 -1.0 -1.0 1.0 -1.0 -1.0 -1.0 +1
-1.0 1.0 -1.0 -1.0 1.0 1.0 -1.0 -1.0 1.0 -1.0 1.0 -1.0 -1
-1.0 1.0 -1.0 -1.0 1.0 1.0 -1.0 1.0 1.0 -1.0 -1.0 -1.0 +1
-1.0 1.0 -1.0 -1.0 1.0 1.0 -1.0 1.0 1.0 -1.0 1.0 -1.0 -1
-1.0 1.0 -1.0 -1.0 1.0 -1.0 1.0 -1.0 -1.0 -1.0 -1.0 -1.0 -1
-1.0 1.0 -1.0 -1.0 1.0 -1.0 1.0 -1.0 -1.0 -1.0 1.0 -1.0 +1
-1.0 1.0 -1.0 -1.0 1.0 -1.0 1.0 1.0 -1.0 -1.0 -1.0 -1.0 +1
-1.0 1.0 -1.0 -1.0 1.0 -1.0 1.0 1.0 -1.0 -1.0 1.0 -1.0 -1
-1.0 1.0 -1.0 -1.0 1.0 -1.0 1.0 -1.0 1.0 -1.0 -1.0 -1.0 +1
-1.0 1.0 -1.0 -1.0 1.0 -1.0 1.0 -1.0 1.0 -1.0 1.0 -1.0 -1
-1.0 1.0 -1.0 -1.0 1.0 -1.0 1.0 1.0 1.0 -1.0 -1.0 -1.0 +1
-1.0 1.0 -1.0 -1.0 1.0 -1.0 1.0 1.0 1.0 -1.0 1.0 -1.0 -1
-1.0 1.0 1.0 -1.0 -1.0 -1.0 -1.0 -1.0 -1.0 -1.0 -1.0 -1.0 -1
-1.0 1.0 1.0 -1.0 -1.0 -1.0 -1.0 -1.0 -1.0 -1.0 1.0 -1.0 -1
-1.0 1.0 1.0 -1.0 -1.0 -1.0 -1.0 1.0 -1.0 -1.0 -1.0 -1.0 -1
-1.0 1.0 1.0 -1.0 -1.0 -1.0 -1.0 1.0 -1.0 -1.0 1.0 -1.0 +1
-1.0 1.0 1.0 -1.0 -1.0 -1.0 -1.0 -1.0 1.0 -1.0 -1.0 -1.0 -1
-1.0 1.0 1.0 -1.0 -1.0 -1.0 -1.0 -1.0 1.0 -1.0 1.0 -1.0 +1
-1.0 1.0 1.0 -1.0 -1.0 -1.0 -1.0 1.0 1.0 -1.0 -1.0 -1.0 -1
-1.0 1.0 1.0 -1.0 -1.0 -1.0 -1.0 1.0 1.0 -1.0 1.0 -1.0 +1
-1.0 1.0 1.0 -1.0 -1.0 1.0 -1.0 -1.0 -1.0 -1.0 -1.0 -1.0 -1
-1.0 1.0 1.0 -1.0 -1.0 1.0 -1.0 -1.0 -1.0 -1.0 1.0 -1.0 +1
-1.0 1.0 1.0 -1.0 -1.0 1.0 -1.0 1.0 -1.0 -1.0 -1.0 -1.0 +1
-1.0 1.0 1.0 -1.0 -1.0 1.0 -1.0 1.0 -1.0 -1.0 1.0 -1.0 -1
-1.0 1.0 1.0 -1.0 -1.0 1.0 -1.0 -1.0 1.0 -1.0 -1.0 -1.0 +1
-1.0 1.0 1.0 -1.0 -1.0 1.0 -1.0 -1.0 1.0 -1.0 1.0 -1.0 -1
-1.0 1.0 1.0 -1.0 -1.0 1.0 -1.0 1.0 1.0 -1.0 -1.0 -1.0 +1
-1.0 1.0 1.0 -1.0 -1.0 1.0 -1.0 1.0 1.0 -1.0 1.0 -1.0 -1
-1.0 1.0 1.0 -1.0 -1.0 -1.0 1.0 -1.0 -1.0 -1.0 -1.0 -1.0 -1
-1.0 1.0 1.0 -1.0 -1.0 -1.0 1.0 -1.0 -1.0 -1.0 1.0 -1.0 +1
-1.0 1.0 1.0 -1.0 -1.0 -1.0 1.0 1.0 -1.0 -1.0 -1.0 -1.0 +1
-1.0 1.0 1.0 -1.0 -1.0 -1.0 1.0 1.0 -1.0 -1.0 1.0 -1.0 -1
-1.0 1.0 1.0 -1.0 -1.0 -1.0 1.0 -1.0 1.0 -1.0 -1.0 -1.0 +1
-1.0 1.0 1.0 -1.0 -1.0 -1.0 1.0 -1.0 1.0 -1.0 1.0 -1.0 -1
-1.0 1.0 1.0 -1.0 -1.0 -1.0 1.0 1.0 1.0 -1.0 -1.0 -1.0 +1
-1.0 1.0 1.0 -1.0 -1.0 -1.0 1.0 1.0 1.0 -1.0 1.0 -1.0 -1
-1.0 1.0 1.0 -1.0 1.0 -1.0 -1.0 -1.0 -1.0 -1.0 -1.0 -1.0 -1
-1.0 1.0 1.0 -1.0 1.0 -1.0 -1.0 -1.0 -1.0 -1.0 1.0 -1.0 +1
-1.0 1.0 1.0 -1.0 1.0 -1.0 -1.0 1.0 -1.0 -1.0 -1.0 -1.0 +1
-1.0 1.0 1.0 -1.0 1.0 -1.0 -1.0 1.0 -1.0 -1.0 1.0 -1.0 -1
-1.0 1.0 1.0 -1.0 1.0 -1.0 -1.0 -1.0 1.0 -1.0 -1.0 -1.0 +1
-1.0 1.0 1.0 -1.0 1.0 -1.0 -1.0 -1.0 1.0 -1.0 1.0 -1.0 -1
-1.0 1.0 1.0 -1.0 1.0 -1.0 -1.0 1.0 1.0 -1.0 -1.0 -1.0 +1
-1.0 1.0 1.0 -1.0 1.0 -1.0 -1.0 1.0 1.0 -1.0 1.0 -1.0 -1
-1.0 1.0 1.0 -1.0 1.0 1.0 -1.0 -1.0 -1.0 -1.0 -1.0 -1.0 +1
-1.0 1.0 1.0 -1.0 1.0 1.0 -1.0 -1.0 -1.0 -1.0 1.0 -1.0 -1
-1.0 1.0 1.0 -1.0 1.0 1.0 -1.0 1.0 -1.0 -1.0 -1.0 -1.0 -1
-1.0 1.0 1.0 -1.0 1.0 1.0 -1.0 1.0 -1.0 -1.0 1.0 -1.0 -1
-1.0 1.0 1.0 -1.0 1.0 1.0 -1.0 -1.0 1.0 -1.0 -1.0 -1.0 -1
-1.0 1.0 1.0 -1.0 1.0 1.0 -1.0 -1.0 1.0 -1.0 1.0 -1.0 -1
-1.0 1.0 1.0 -1.0 1.0 1.0 -1.0 1.0 1.0 -1.0 -1.0 -1.0 -1
-1.0 1.0 1.0 -1.0 1.0 1.0 -1.0 1.0 1.0 -1.0 1.0 -1.0 -1
-1.0 1.0 1.0 -1.0 1.0 -1.0 1.0 -1.0 -1.0 -1.0 -1.0 -1.0 +1
-1.0 1.0 1.0 -1.0 1.0 -1.0 1.0 -1.0 -1.0 -1.0 1.0 -1.0 -1
-1.0 1.0 1.0 -1.0 1.0 -1.0 1.0 1.0 -1.0 -1.0 -1.0 -1.0 -1
-1.0 1.0 1.0 -1.0 1.0 -1.0 1.0 1.0 -1.0 -1.0 1.0 -1.0 -1
-1.0 1.0 1.0 -1.0 1.0 -1.0 1.0 -1.0 1.0 -1.0 -1.0 -1.0 -1
-1.0 1.0 1.0 -1.0 1.0 -1.0 1.0 -1.0 1.0 -1.0 1.0 -1.0 -1
-1.0 1.0 1.0 -1.0 1.0 -1.0 1.0 1.0 1.0 -1.0 -1.0 -1.0 -1
-1.0 1.0 1.0 -1.0 1.0 -1.0 1.0 1.0 1.0 -1.0 1.0 -1.0 -1
-1.0 1.0 -1.0 1.0 -1.0 -1.0 -1.0 -1.0 -1.0 -1.0 -1.0 -1.0 -1
-1.0 1.0 -1.0 1.0 -1.0 -1.0 -1.0 -1.0 -1.0 -1.0 1.0 -1.0 -1
-1.0 1.0 -1.0 1.0 -1.0 -1.0 -1.0 1.0 -1.0 -1.0 -1.0 -1.0 -1
-1.0 1.0 -1.0 1.0 -1.0 -1.0 -1.0 1.0 -1.0 -1.0 1.0 -1.0 +1
-1.0 1.0 -1.0 1.0 -1.0 -1.0 -1.0 -1.0 1.0 -1.0 -1.0 -1.0 -1
-1.0 1.0 -1.0 1.0 -1.0 -1.0 -1.0 -1.0 1.0 -1.0 1.0 -1.0 +1
-1.0 1.0 -1.0 1.0 -1.0 -1.0 -1.0 1.0 1.0 -1.0 -1.0 -1.0 -1
-1.0 1.0 -1.0 1.0 -1.0 -1.0 -1.0 1.0 1.0 -1.0 1.0 -1.0 +1
-1.0 1.0 -1.0 1.0 -1.0 1.0 -1.0 -1.0 -1.0 -1.0 -1.0 -1.0 -1
-1.0 1.0 -1.0 1.0 -1.0 1.0 -1.0 -1.0 -1.0 -1.0 1.0 -1.0 +1
-1.0 1.0 -1.0 1.0 -1.0 1.0 -1.0 1.0 -1.0 -1.0 -1.0 -1.0 +1
-1.0 1.0 -1.0 1.0 -1.0 1.0 -1.0 1.0 -1.0 -1.0 1.0 -1.0 -1
-1.0 1.0 -1.0 1.0 -1.0 1.0 -1.0 -1.0 1.0 -1.0 -1.0 -1.0 +1
-1.0 1.0 -1.0 1.0 -1.0 1.0 -1.0 -1.0 1.0 -1.0 1.0 -1.0 -1
-1.0 1.0 -1.0 1.0 -1.0 1.0 -1.0 1.0 1.0 -1.0 -1.0 -1.0 +1
-1.0 1.0 -1.0 1.0 -1.0 1.0 -1.0 1.0 1.0 -1.0 1.0 -1.0 -1
-1.0 1.0 -1.0 1.0 -1.0 -1.0 1.0 -1.0 -1.0 -1.0 -1.0 -1.0 -1
-1.0 1.0 -1.0 1.0 -1.0 -1.0 1.0 -1.0 -1.0 -1.0 1.0 -1.0 +1
-1.0 1.0 -1.0 1.0 -1.0 -1.0 1.0 1.0 -1.0 -1.0 -1.0 -1.0 +1
-1.0 1.0 -1.0 1.0 -1.0 -1.0 1.0 1.0 -1.0 -1.0 1.0 -1.0 -1
-1.0 1.0 -1.0 1.0 -1.0 -1.0 1.0 -1.0 1.0 -1.0 -1.0 -1.0 +1
-1.0 1.0 -1.0 1.0 -1.0 -1.0 1.0 -1.0 1.0 -1.0 1.0 -1.0 -1
-1.0 1.0 -1.0 1.0 -1.0 -1.0 1.0 1.0 1.0 -1.0 -1.0 -1.0 +1
-1.0 1.0 -1.0 1.0 -1.0 -1.0 1.0 1.0 1.0 -1.0 1.0 -1.0 -1
-1.0 1.0 -1.0 1.0 1.0 -1.0 -1.0 -1.0 -1.0 -1.0 -1.0 -1.0 -1
-1.0 1.0 -1.0 1.0 1.0 -1.0 -1.0 -1.0 -1.0 -1.0 1.0 -1.0 +1
-1.0 1.0 -1.0 1.0 1.0 -1.0 -1.0 1.0 -1.0 -1.0 -1.0 -1.0 +1
-1.0 1.0 -1.0 1.0 1.0 -1.0 -1.0 1.0 -1.0 -1.0 1.0 -1.0 -1
-1.0 1.0 -1.0 1.0 1.0 -1.0 -1.0 -1.0 1.0 -1.0 -1.0 -1.0 +1
-1.0 1.0 -1.0 1.0 1.0 -1.0 -1.0 -1.0 1.0 -1.0 1.0 -1.0 -1
-1.0 1.0 -1.0 1.0 1.0 -1.0 -1.0 1.0 1.0 -1.0 -1.0 -1.0 +1
-1.0 1.0 -1.0 1.0 1.0 -1.0 -1.0 1.0 1.0 -1.0 1.0 -1.0 -1
-1.0 1.0 -1.0 1.0 1.0 1.0 -1.0 -1.0 -1.0 -1.0 -1.0 -1.0 +1
-1.0 1.0 -1.0 1.0 1.0 1.0 -1.0 -1.0 -1.0 -1.0 1.0 -1.0 -1
-1.0 1.0 -1.0 1.0 1.0 1.0 -1.0 1.0 -1.0 -1.0 -1.0 -1.0 -1
-1.0 1.0 -1.0 1.0 1.0 1.0 -1.0 1.0 -1.0 -1.0 1.0 -1.0 -1
-1.0 1.0 -1.0 1.0 1.0 1.0 -1.0 -1.0 1.0 -1.0 -1.0 -1.0 -1
-1.0 1.0 -1.0 1.0 1.0 1.0 -1.0 -1.0 1.0 -1.0 1.0 -1.0 -1
-1.0 1.0 -1.0 1.0 1.0 1.0 -1.0 1.0 1.0 -1.0 -1.0 -1.0 -1
-1.0 1.0 -1.0 1.0 1.0 1.0 -1.0 1.0 1.0 -1.0 1.0 -1.0 -1
-1.0 1.0 -1.0 1.0 1.0 -1.0 1.0 -1.0 -1.0 -1.0 -1.0 -1.0 +1
-1.0 1.0 -1.0 1.0 1.0 -1.0 1.0 -1.0 -1.0 -1.0 1.0 -1.0 -1
-1.0 1.0 -1.0 1.0 1.0 -1.0 1.0 1.0 -1.0 -1.0 -1.0 -1.0 -1
-1.0 1.0 -1.0 1.0 1.0 -1.0 1.0 1.0 -1.0 -1.0 1.0 -1.0 -1
-1.0 1.0 -1.0 1.0 1.0 -1.0 1.0 -1.0 1.0 -1.0 -1.0 -1.0 -1
-1.0 1.0 -1.0 1.0 1.0 -1.0 1.0 -1.0 1.0 -1.0 1.0 -1.0 -1
-1.0 1.0 -1.0 1.0 1.0 -1.0 1.0 1.0 1.0 -1.0 -1.0 -1.0 -1
-1.0 1.0 -1.0 1.0 1.0 -1.0 1.0 1.0 1.0 -1.0 1.0 -1.0 -1
