% https://archive.ics.uci.edu/dataset/105/congressional+voting+records

% house-votes-84-bipolar

% handicapped-infants0 numeric
% handicapped-infants1 numeric
% water-project-cost-sharing0 numeric
% water-project-cost-sharing1 numeric
% adoption-of-the-budget-resolution0 numeric
% adoption-of-the-budget-resolution1 numeric
% physician-fee-freeze0 numeric
% physician-fee-freeze1 numeric
% el-salvador-aid0 numeric
% el-salvador-aid1 numeric
% religious-groups-in-schools0 numeric
% religious-groups-in-schools1 numeric
% anti-satellite-test-ban0 numeric
% anti-satellite-test-ban1 numeric
% aid-to-nicaraguan-contras0 numeric
% aid-to-nicaraguan-contras1 numeric
% mx-missile0 numeric
% mx-missile1 numeric
% immigration0 numeric
% immigration1 numeric
% synfuels-corporation-cutback0 numeric
% synfuels-corporation-cutback1 numeric
% education-spending0 numeric
% education-spending1 numeric
% superfund-right-to-sue0 numeric
% superfund-right-to-sue1 numeric
% crime0 numeric
% crime1 numeric
% duty-free-exports0 numeric
% duty-free-exports1 numeric
% export-administration-act-south-africa0 numeric
% export-administration-act-south-africa1 numeric
% bias numeric
% party -1 (republican) +1 (democrat)

1.0 -1.0 -1.0 -1.0 1.0 -1.0 -1.0 -1.0 -1.0 -1.0 -1.0 -1.0 1.0 -1.0 1.0 -1.0 1.0 -1.0 -1.0 -1.0 -1.0 1.0 -1.0 -1.0 -1.0 -1.0 -1.0 -1.0 1.0 -1.0 -1.0 -1.0 -1.0 -1
1.0 -1.0 -1.0 -1.0 1.0 -1.0 -1.0 -1.0 -1.0 -1.0 -1.0 -1.0 1.0 -1.0 1.0 -1.0 1.0 -1.0 1.0 -1.0 1.0 -1.0 -1.0 -1.0 -1.0 -1.0 -1.0 -1.0 1.0 -1.0 -1.0 1.0 -1.0 -1
-1.0 1.0 -1.0 -1.0 -1.0 -1.0 -1.0 1.0 -1.0 -1.0 -1.0 -1.0 1.0 -1.0 1.0 -1.0 1.0 -1.0 1.0 -1.0 -1.0 -1.0 1.0 -1.0 -1.0 -1.0 -1.0 -1.0 1.0 -1.0 1.0 -1.0 -1.0 +1
1.0 -1.0 -1.0 -1.0 -1.0 -1.0 1.0 -1.0 -1.0 1.0 -1.0 -1.0 1.0 -1.0 1.0 -1.0 1.0 -1.0 1.0 -1.0 -1.0 -1.0 1.0 -1.0 -1.0 -1.0 1.0 -1.0 1.0 -1.0 -1.0 -1.0 -1.0 +1
-1.0 -1.0 -1.0 -1.0 -1.0 -1.0 1.0 -1.0 -1.0 -1.0 -1.0 -1.0 1.0 -1.0 1.0 -1.0 1.0 -1.0 1.0 -1.0 -1.0 -1.0 -1.0 1.0 -1.0 -1.0 -1.0 -1.0 -1.0 -1.0 -1.0 -1.0 -1.0 +1
1.0 -1.0 -1.0 -1.0 -1.0 -1.0 1.0 -1.0 -1.0 -1.0 -1.0 -1.0 1.0 -1.0 1.0 -1.0 1.0 -1.0 1.0 -1.0 1.0 -1.0 1.0 -1.0 -1.0 -1.0 -1.0 -1.0 -1.0 -1.0 -1.0 -1.0 -1.0 +1
1.0 -1.0 -1.0 -1.0 1.0 -1.0 -1.0 -1.0 -1.0 -1.0 -1.0 -1.0 1.0 -1.0 1.0 -1.0 1.0 -1.0 1.0 -1.0 1.0 -1.0 1.0 -1.0 -1.0 1.0 -1.0 -1.0 -1.0 -1.0 -1.0 -1.0 -1.0 +1
1.0 -1.0 -1.0 -1.0 1.0 -1.0 -1.0 -1.0 -1.0 -1.0 -1.0 -1.0 1.0 -1.0 1.0 -1.0 1.0 -1.0 1.0 -1.0 1.0 -1.0 1.0 -1.0 -1.0 -1.0 -1.0 -1.0 -1.0 1.0 -1.0 -1.0 -1.0 -1
1.0 -1.0 -1.0 -1.0 1.0 -1.0 -1.0 -1.0 -1.0 -1.0 -1.0 -1.0 1.0 -1.0 1.0 -1.0 1.0 -1.0 1.0 -1.0 1.0 -1.0 -1.0 -1.0 -1.0 -1.0 -1.0 -1.0 1.0 -1.0 -1.0 -1.0 -1.0 -1
-1.0 -1.0 -1.0 -1.0 -1.0 -1.0 1.0 -1.0 1.0 -1.0 1.0 -1.0 -1.0 -1.0 -1.0 -1.0 -1.0 -1.0 1.0 -1.0 1.0 -1.0 1.0 -1.0 1.0 -1.0 1.0 -1.0 -1.0 1.0 -1.0 1.0 -1.0 +1
1.0 -1.0 -1.0 -1.0 1.0 -1.0 -1.0 -1.0 -1.0 -1.0 1.0 -1.0 1.0 -1.0 1.0 -1.0 1.0 -1.0 1.0 -1.0 -1.0 1.0 -1.0 1.0 -1.0 -1.0 -1.0 -1.0 1.0 -1.0 1.0 -1.0 -1.0 -1
1.0 -1.0 -1.0 -1.0 1.0 -1.0 -1.0 -1.0 -1.0 -1.0 -1.0 -1.0 1.0 -1.0 1.0 -1.0 1.0 -1.0 1.0 -1.0 -1.0 -1.0 -1.0 1.0 -1.0 -1.0 -1.0 -1.0 -1.0 1.0 -1.0 1.0 -1.0 -1
1.0 -1.0 -1.0 -1.0 -1.0 -1.0 1.0 -1.0 1.0 -1.0 1.0 -1.0 -1.0 -1.0 -1.0 -1.0 -1.0 -1.0 1.0 -1.0 1.0 -1.0 1.0 -1.0 -1.0 -1.0 1.0 -1.0 -1.0 1.0 -1.0 1.0 -1.0 +1
-1.0 -1.0 -1.0 -1.0 -1.0 -1.0 1.0 -1.0 1.0 -1.0 -1.0 -1.0 -1.0 -1.0 -1.0 -1.0 -1.0 1.0 -1.0 -1.0 -1.0 -1.0 -1.0 1.0 1.0 -1.0 1.0 -1.0 -1.0 -1.0 -1.0 1.0 -1.0 +1
1.0 -1.0 -1.0 -1.0 1.0 -1.0 -1.0 -1.0 -1.0 -1.0 -1.0 -1.0 1.0 -1.0 1.0 -1.0 1.0 -1.0 1.0 -1.0 1.0 -1.0 -1.0 -1.0 -1.0 1.0 -1.0 1.0 1.0 -1.0 -1.0 1.0 -1.0 -1
1.0 -1.0 -1.0 -1.0 1.0 -1.0 -1.0 -1.0 -1.0 -1.0 -1.0 -1.0 1.0 -1.0 1.0 -1.0 1.0 -1.0 -1.0 -1.0 1.0 -1.0 -1.0 -1.0 -1.0 -1.0 -1.0 1.0 1.0 -1.0 -1.0 1.0 -1.0 -1
-1.0 -1.0 1.0 -1.0 -1.0 -1.0 1.0 -1.0 1.0 -1.0 -1.0 -1.0 1.0 -1.0 -1.0 -1.0 -1.0 1.0 -1.0 -1.0 -1.0 -1.0 -1.0 -1.0 -1.0 1.0 1.0 -1.0 1.0 -1.0 -1.0 -1.0 -1.0 +1
-1.0 -1.0 -1.0 1.0 -1.0 -1.0 1.0 -1.0 1.0 -1.0 1.0 -1.0 -1.0 -1.0 -1.0 -1.0 -1.0 -1.0 1.0 -1.0 1.0 -1.0 1.0 -1.0 -1.0 -1.0 1.0 -1.0 -1.0 -1.0 -1.0 -1.0 -1.0 +1
1.0 -1.0 -1.0 -1.0 1.0 -1.0 -1.0 -1.0 -1.0 -1.0 -1.0 -1.0 1.0 -1.0 1.0 -1.0 1.0 -1.0 1.0 -1.0 1.0 -1.0 -1.0 1.0 -1.0 -1.0 -1.0 -1.0 1.0 -1.0 1.0 -1.0 -1.0 -1
-1.0 -1.0 -1.0 -1.0 -1.0 -1.0 1.0 -1.0 1.0 -1.0 1.0 -1.0 -1.0 -1.0 -1.0 -1.0 -1.0 -1.0 1.0 -1.0 -1.0 -1.0 1.0 -1.0 1.0 -1.0 1.0 -1.0 -1.0 -1.0 -1.0 -1.0 -1.0 +1
-1.0 -1.0 -1.0 -1.0 -1.0 -1.0 1.0 -1.0 1.0 -1.0 -1.0 1.0 -1.0 -1.0 -1.0 -1.0 1.0 -1.0 1.0 -1.0 -1.0 -1.0 1.0 -1.0 1.0 -1.0 1.0 -1.0 -1.0 -1.0 -1.0 -1.0 -1.0 +1
-1.0 -1.0 -1.0 -1.0 -1.0 -1.0 1.0 -1.0 1.0 -1.0 1.0 -1.0 -1.0 -1.0 -1.0 -1.0 -1.0 -1.0 1.0 -1.0 1.0 -1.0 1.0 -1.0 -1.0 1.0 -1.0 1.0 -1.0 -1.0 -1.0 -1.0 -1.0 +1
-1.0 -1.0 -1.0 1.0 -1.0 -1.0 1.0 -1.0 1.0 -1.0 1.0 -1.0 -1.0 -1.0 -1.0 -1.0 -1.0 -1.0 1.0 -1.0 1.0 -1.0 -1.0 1.0 1.0 -1.0 1.0 -1.0 -1.0 -1.0 -1.0 -1.0 -1.0 +1
-1.0 -1.0 -1.0 -1.0 -1.0 -1.0 1.0 -1.0 1.0 -1.0 1.0 -1.0 -1.0 -1.0 -1.0 -1.0 -1.0 -1.0 1.0 -1.0 1.0 -1.0 1.0 -1.0 1.0 -1.0 1.0 -1.0 -1.0 -1.0 -1.0 -1.0 -1.0 +1
-1.0 -1.0 1.0 -1.0 -1.0 -1.0 1.0 -1.0 1.0 -1.0 1.0 -1.0 -1.0 -1.0 -1.0 -1.0 -1.0 -1.0 1.0 -1.0 1.0 -1.0 1.0 -1.0 1.0 -1.0 1.0 -1.0 -1.0 -1.0 -1.0 1.0 -1.0 +1
-1.0 -1.0 1.0 -1.0 -1.0 -1.0 1.0 -1.0 1.0 -1.0 1.0 -1.0 -1.0 -1.0 -1.0 -1.0 -1.0 -1.0 -1.0 -1.0 1.0 -1.0 1.0 -1.0 1.0 -1.0 1.0 -1.0 -1.0 -1.0 -1.0 -1.0 -1.0 +1
-1.0 -1.0 1.0 -1.0 -1.0 -1.0 1.0 -1.0 1.0 -1.0 1.0 -1.0 -1.0 -1.0 -1.0 -1.0 -1.0 -1.0 1.0 -1.0 -1.0 -1.0 1.0 -1.0 1.0 -1.0 1.0 -1.0 -1.0 -1.0 -1.0 -1.0 -1.0 +1
-1.0 -1.0 -1.0 -1.0 -1.0 -1.0 1.0 -1.0 1.0 -1.0 1.0 -1.0 -1.0 -1.0 -1.0 -1.0 -1.0 -1.0 1.0 -1.0 -1.0 -1.0 1.0 -1.0 1.0 -1.0 1.0 -1.0 -1.0 -1.0 -1.0 -1.0 -1.0 +1
-1.0 -1.0 1.0 -1.0 1.0 -1.0 -1.0 -1.0 -1.0 -1.0 1.0 -1.0 -1.0 -1.0 -1.0 -1.0 -1.0 -1.0 1.0 -1.0 1.0 -1.0 -1.0 -1.0 -1.0 -1.0 -1.0 -1.0 1.0 -1.0 -1.0 -1.0 -1.0 -1
-1.0 -1.0 -1.0 -1.0 -1.0 -1.0 1.0 -1.0 1.0 -1.0 1.0 -1.0 -1.0 -1.0 -1.0 -1.0 -1.0 -1.0 1.0 -1.0 -1.0 -1.0 1.0 -1.0 1.0 -1.0 1.0 -1.0 -1.0 -1.0 -1.0 -1.0 -1.0 +1
1.0 -1.0 -1.0 -1.0 1.0 -1.0 -1.0 -1.0 -1.0 -1.0 -1.0 -1.0 1.0 -1.0 1.0 -1.0 1.0 -1.0 1.0 -1.0 1.0 -1.0 -1.0 -1.0 -1.0 -1.0 -1.0 -1.0 1.0 -1.0 1.0 -1.0 -1.0 -1
-1.0 -1.0 -1.0 -1.0 -1.0 -1.0 1.0 -1.0 1.0 -1.0 1.0 -1.0 -1.0 -1.0 -1.0 -1.0 -1.0 -1.0 1.0 -1.0 -1.0 -1.0 1.0 -1.0 1.0 -1.0 1.0 -1.0 -1.0 -1.0 -1.0 1.0 -1.0 +1
-1.0 -1.0 -1.0 -1.0 -1.0 -1.0 1.0 -1.0 1.0 -1.0 1.0 -1.0 -1.0 -1.0 -1.0 -1.0 -1.0 -1.0 -1.0 -1.0 1.0 -1.0 1.0 -1.0 -1.0 -1.0 1.0 -1.0 -1.0 -1.0 -1.0 -1.0 -1.0 +1
1.0 -1.0 -1.0 -1.0 1.0 -1.0 -1.0 -1.0 -1.0 -1.0 -1.0 -1.0 1.0 -1.0 1.0 -1.0 1.0 -1.0 1.0 -1.0 1.0 -1.0 -1.0 -1.0 -1.0 -1.0 -1.0 -1.0 1.0 -1.0 -1.0 -1.0 -1.0 -1
-1.0 -1.0 -1.0 -1.0 -1.0 -1.0 1.0 -1.0 1.0 -1.0 1.0 -1.0 -1.0 -1.0 -1.0 -1.0 -1.0 -1.0 1.0 -1.0 1.0 -1.0 1.0 -1.0 1.0 -1.0 1.0 -1.0 -1.0 -1.0 -1.0 -1.0 -1.0 +1
1.0 -1.0 -1.0 -1.0 1.0 -1.0 -1.0 -1.0 -1.0 -1.0 -1.0 -1.0 1.0 -1.0 1.0 -1.0 1.0 -1.0 1.0 -1.0 1.0 -1.0 -1.0 -1.0 -1.0 -1.0 -1.0 -1.0 1.0 -1.0 1.0 -1.0 -1.0 -1
-1.0 -1.0 -1.0 1.0 1.0 -1.0 -1.0 -1.0 -1.0 -1.0 -1.0 -1.0 1.0 -1.0 1.0 -1.0 1.0 -1.0 -1.0 -1.0 1.0 -1.0 -1.0 -1.0 -1.0 1.0 -1.0 -1.0 1.0 -1.0 -1.0 -1.0 -1.0 -1
-1.0 -1.0 -1.0 -1.0 1.0 -1.0 -1.0 -1.0 -1.0 -1.0 -1.0 -1.0 1.0 -1.0 1.0 -1.0 1.0 -1.0 1.0 -1.0 1.0 -1.0 1.0 -1.0 -1.0 -1.0 -1.0 -1.0 1.0 -1.0 -1.0 -1.0 -1.0 -1
1.0 -1.0 -1.0 -1.0 1.0 -1.0 -1.0 -1.0 -1.0 -1.0 -1.0 -1.0 1.0 -1.0 1.0 -1.0 1.0 -1.0 -1.0 -1.0 1.0 -1.0 -1.0 -1.0 -1.0 -1.0 -1.0 -1.0 1.0 -1.0 1.0 -1.0 -1.0 -1
-1.0 -1.0 1.0 -1.0 -1.0 -1.0 1.0 -1.0 1.0 -1.0 1.0 -1.0 -1.0 -1.0 -1.0 -1.0 -1.0 -1.0 -1.0 -1.0 -1.0 -1.0 1.0 -1.0 -1.0 -1.0 1.0 -1.0 -1.0 -1.0 -1.0 -1.0 -1.0 +1
-1.0 -1.0 -1.0 -1.0 -1.0 -1.0 1.0 -1.0 1.0 -1.0 1.0 -1.0 -1.0 -1.0 -1.0 -1.0 -1.0 -1.0 1.0 -1.0 -1.0 1.0 1.0 -1.0 1.0 -1.0 1.0 -1.0 1.0 -1.0 -1.0 1.0 -1.0 +1
-1.0 -1.0 -1.0 -1.0 -1.0 -1.0 1.0 -1.0 1.0 -1.0 1.0 -1.0 -1.0 -1.0 -1.0 -1.0 -1.0 -1.0 1.0 -1.0 1.0 -1.0 1.0 -1.0 1.0 -1.0 1.0 -1.0 -1.0 -1.0 -1.0 1.0 -1.0 +1
-1.0 -1.0 1.0 -1.0 -1.0 -1.0 1.0 -1.0 1.0 -1.0 1.0 -1.0 -1.0 -1.0 -1.0 -1.0 -1.0 -1.0 1.0 -1.0 1.0 -1.0 1.0 -1.0 1.0 -1.0 1.0 -1.0 1.0 -1.0 -1.0 -1.0 -1.0 +1
-1.0 -1.0 1.0 -1.0 -1.0 -1.0 1.0 -1.0 1.0 -1.0 1.0 -1.0 -1.0 -1.0 -1.0 -1.0 -1.0 -1.0 1.0 -1.0 1.0 -1.0 1.0 -1.0 1.0 -1.0 1.0 -1.0 -1.0 -1.0 -1.0 -1.0 -1.0 +1
-1.0 -1.0 -1.0 -1.0 -1.0 -1.0 1.0 -1.0 1.0 -1.0 1.0 -1.0 -1.0 -1.0 -1.0 -1.0 -1.0 -1.0 1.0 -1.0 -1.0 -1.0 1.0 -1.0 1.0 -1.0 1.0 -1.0 1.0 -1.0 -1.0 1.0 -1.0 +1
-1.0 -1.0 -1.0 -1.0 -1.0 -1.0 1.0 -1.0 1.0 -1.0 1.0 -1.0 -1.0 -1.0 -1.0 -1.0 -1.0 1.0 1.0 -1.0 -1.0 -1.0 1.0 -1.0 1.0 -1.0 1.0 -1.0 -1.0 -1.0 -1.0 1.0 -1.0 +1
-1.0 -1.0 -1.0 -1.0 -1.0 -1.0 1.0 -1.0 1.0 -1.0 1.0 -1.0 -1.0 -1.0 -1.0 -1.0 -1.0 -1.0 1.0 -1.0 1.0 -1.0 1.0 -1.0 1.0 -1.0 1.0 -1.0 1.0 -1.0 -1.0 -1.0 -1.0 +1
-1.0 -1.0 1.0 -1.0 -1.0 -1.0 1.0 -1.0 1.0 -1.0 1.0 -1.0 -1.0 -1.0 -1.0 -1.0 -1.0 1.0 1.0 -1.0 1.0 -1.0 1.0 -1.0 1.0 -1.0 1.0 -1.0 1.0 -1.0 -1.0 1.0 -1.0 +1
-1.0 -1.0 -1.0 -1.0 -1.0 -1.0 1.0 -1.0 1.0 -1.0 1.0 -1.0 -1.0 -1.0 -1.0 -1.0 1.0 -1.0 1.0 -1.0 1.0 -1.0 1.0 -1.0 1.0 -1.0 -1.0 -1.0 1.0 -1.0 -1.0 -1.0 -1.0 +1
1.0 -1.0 -1.0 1.0 1.0 -1.0 -1.0 -1.0 -1.0 -1.0 -1.0 -1.0 1.0 -1.0 1.0 -1.0 1.0 -1.0 1.0 -1.0 1.0 -1.0 -1.0 -1.0 -1.0 -1.0 -1.0 -1.0 1.0 -1.0 1.0 -1.0 -1.0 -1
-1.0 -1.0 -1.0 -1.0 -1.0 -1.0 1.0 -1.0 1.0 -1.0 1.0 -1.0 -1.0 -1.0 -1.0 -1.0 -1.0 -1.0 1.0 -1.0 -1.0 -1.0 1.0 -1.0 1.0 -1.0 1.0 -1.0 -1.0 -1.0 -1.0 -1.0 -1.0 +1
1.0 -1.0 -1.0 -1.0 1.0 -1.0 -1.0 -1.0 -1.0 -1.0 -1.0 -1.0 1.0 -1.0 -1.0 1.0 1.0 -1.0 1.0 -1.0 1.0 -1.0 -1.0 -1.0 -1.0 -1.0 -1.0 -1.0 1.0 -1.0 -1.0 -1.0 -1.0 -1
-1.0 -1.0 -1.0 -1.0 -1.0 -1.0 1.0 -1.0 1.0 -1.0 1.0 -1.0 -1.0 -1.0 -1.0 -1.0 -1.0 -1.0 1.0 -1.0 1.0 -1.0 1.0 -1.0 1.0 -1.0 1.0 -1.0 -1.0 1.0 -1.0 1.0 -1.0 +1
-1.0 -1.0 -1.0 -1.0 1.0 -1.0 -1.0 -1.0 -1.0 -1.0 -1.0 -1.0 1.0 -1.0 1.0 -1.0 1.0 -1.0 -1.0 -1.0 1.0 -1.0 -1.0 -1.0 -1.0 -1.0 -1.0 -1.0 1.0 -1.0 1.0 -1.0 -1.0 -1
-1.0 -1.0 -1.0 -1.0 -1.0 -1.0 1.0 -1.0 1.0 -1.0 -1.0 -1.0 -1.0 1.0 -1.0 -1.0 1.0 -1.0 1.0 -1.0 -1.0 -1.0 -1.0 -1.0 1.0 -1.0 -1.0 -1.0 1.0 -1.0 -1.0 1.0 -1.0 +1
1.0 -1.0 -1.0 -1.0 1.0 -1.0 -1.0 -1.0 -1.0 -1.0 -1.0 -1.0 1.0 -1.0 1.0 -1.0 1.0 -1.0 -1.0 -1.0 -1.0 -1.0 -1.0 -1.0 -1.0 -1.0 -1.0 -1.0 1.0 -1.0 1.0 -1.0 -1.0 -1
1.0 -1.0 -1.0 -1.0 1.0 -1.0 -1.0 -1.0 -1.0 -1.0 -1.0 -1.0 1.0 -1.0 1.0 -1.0 1.0 -1.0 -1.0 -1.0 -1.0 -1.0 -1.0 -1.0 -1.0 -1.0 -1.0 -1.0 1.0 -1.0 -1.0 -1.0 -1.0 -1
1.0 -1.0 -1.0 -1.0 1.0 -1.0 -1.0 -1.0 -1.0 -1.0 -1.0 -1.0 1.0 -1.0 1.0 -1.0 1.0 -1.0 -1.0 -1.0 1.0 -1.0 -1.0 -1.0 -1.0 -1.0 -1.0 -1.0 1.0 -1.0 -1.0 -1.0 -1.0 -1
1.0 -1.0 -1.0 -1.0 1.0 -1.0 -1.0 -1.0 -1.0 -1.0 -1.0 -1.0 1.0 -1.0 1.0 -1.0 1.0 -1.0 -1.0 -1.0 1.0 -1.0 -1.0 -1.0 -1.0 -1.0 -1.0 -1.0 1.0 -1.0 -1.0 -1.0 -1.0 -1
1.0 -1.0 -1.0 -1.0 1.0 -1.0 -1.0 -1.0 -1.0 -1.0 -1.0 -1.0 1.0 -1.0 1.0 -1.0 1.0 -1.0 -1.0 -1.0 1.0 -1.0 -1.0 -1.0 -1.0 -1.0 -1.0 -1.0 1.0 -1.0 -1.0 1.0 -1.0 -1
-1.0 -1.0 -1.0 -1.0 -1.0 -1.0 1.0 -1.0 1.0 -1.0 -1.0 1.0 -1.0 -1.0 -1.0 -1.0 -1.0 -1.0 -1.0 -1.0 1.0 -1.0 1.0 -1.0 1.0 -1.0 1.0 -1.0 -1.0 -1.0 -1.0 1.0 -1.0 +1
1.0 -1.0 -1.0 -1.0 1.0 -1.0 -1.0 -1.0 -1.0 -1.0 -1.0 -1.0 1.0 -1.0 1.0 -1.0 1.0 -1.0 1.0 -1.0 1.0 -1.0 -1.0 -1.0 -1.0 -1.0 -1.0 -1.0 1.0 -1.0 1.0 -1.0 -1.0 -1
-1.0 -1.0 -1.0 -1.0 -1.0 -1.0 1.0 -1.0 1.0 -1.0 1.0 -1.0 -1.0 -1.0 -1.0 -1.0 -1.0 -1.0 1.0 -1.0 1.0 -1.0 1.0 -1.0 1.0 -1.0 1.0 -1.0 1.0 -1.0 -1.0 1.0 -1.0 +1
-1.0 -1.0 -1.0 -1.0 -1.0 -1.0 1.0 -1.0 1.0 -1.0 1.0 -1.0 -1.0 -1.0 -1.0 -1.0 -1.0 -1.0 1.0 -1.0 -1.0 -1.0 1.0 -1.0 1.0 -1.0 1.0 -1.0 1.0 -1.0 -1.0 -1.0 -1.0 +1
-1.0 -1.0 -1.0 -1.0 -1.0 -1.0 1.0 -1.0 1.0 -1.0 1.0 -1.0 -1.0 -1.0 -1.0 -1.0 -1.0 -1.0 1.0 -1.0 -1.0 -1.0 -1.0 1.0 1.0 -1.0 1.0 -1.0 1.0 -1.0 -1.0 -1.0 -1.0 +1
-1.0 -1.0 -1.0 -1.0 1.0 -1.0 -1.0 -1.0 -1.0 -1.0 -1.0 -1.0 -1.0 -1.0 1.0 -1.0 1.0 -1.0 1.0 -1.0 1.0 -1.0 -1.0 -1.0 -1.0 -1.0 -1.0 -1.0 1.0 -1.0 -1.0 -1.0 -1.0 -1
1.0 -1.0 -1.0 -1.0 1.0 -1.0 -1.0 -1.0 -1.0 -1.0 -1.0 -1.0 -1.0 -1.0 1.0 -1.0 1.0 -1.0 1.0 -1.0 -1.0 -1.0 -1.0 -1.0 -1.0 -1.0 -1.0 -1.0 1.0 -1.0 -1.0 -1.0 -1.0 -1
1.0 -1.0 -1.0 -1.0 1.0 -1.0 -1.0 -1.0 -1.0 -1.0 -1.0 -1.0 1.0 -1.0 1.0 -1.0 1.0 -1.0 -1.0 -1.0 1.0 -1.0 -1.0 -1.0 -1.0 -1.0 -1.0 -1.0 1.0 -1.0 1.0 -1.0 -1.0 -1
-1.0 -1.0 -1.0 1.0 -1.0 -1.0 1.0 -1.0 1.0 -1.0 1.0 -1.0 -1.0 -1.0 -1.0 -1.0 -1.0 -1.0 1.0 -1.0 1.0 -1.0 1.0 -1.0 -1.0 -1.0 1.0 -1.0 -1.0 -1.0 -1.0 -1.0 -1.0 +1
-1.0 -1.0 -1.0 -1.0 -1.0 -1.0 1.0 -1.0 1.0 -1.0 1.0 -1.0 -1.0 -1.0 -1.0 -1.0 -1.0 -1.0 1.0 -1.0 1.0 -1.0 1.0 -1.0 1.0 -1.0 1.0 -1.0 -1.0 -1.0 -1.0 -1.0 -1.0 +1
-1.0 -1.0 1.0 -1.0 -1.0 -1.0 1.0 -1.0 1.0 -1.0 1.0 -1.0 -1.0 -1.0 -1.0 -1.0 -1.0 -1.0 1.0 -1.0 1.0 -1.0 1.0 -1.0 -1.0 -1.0 1.0 -1.0 -1.0 -1.0 -1.0 1.0 -1.0 +1
-1.0 -1.0 -1.0 -1.0 -1.0 -1.0 -1.0 -1.0 1.0 -1.0 1.0 -1.0 -1.0 -1.0 -1.0 -1.0 -1.0 -1.0 -1.0 -1.0 -1.0 -1.0 1.0 -1.0 1.0 -1.0 -1.0 -1.0 1.0 -1.0 -1.0 -1.0 -1.0 -1
-1.0 -1.0 -1.0 -1.0 -1.0 -1.0 1.0 -1.0 1.0 -1.0 1.0 -1.0 -1.0 -1.0 -1.0 -1.0 -1.0 -1.0 1.0 -1.0 -1.0 -1.0 1.0 -1.0 1.0 -1.0 1.0 -1.0 -1.0 -1.0 -1.0 1.0 -1.0 +1
-1.0 -1.0 1.0 -1.0 -1.0 -1.0 -1.0 -1.0 -1.0 -1.0 1.0 -1.0 -1.0 -1.0 1.0 -1.0 -1.0 -1.0 -1.0 -1.0 1.0 -1.0 1.0 -1.0 -1.0 -1.0 -1.0 -1.0 1.0 -1.0 -1.0 -1.0 -1.0 -1
-1.0 -1.0 1.0 -1.0 -1.0 -1.0 1.0 -1.0 1.0 -1.0 -1.0 -1.0 -1.0 -1.0 -1.0 -1.0 -1.0 -1.0 -1.0 -1.0 -1.0 -1.0 1.0 -1.0 1.0 -1.0 -1.0 -1.0 -1.0 -1.0 -1.0 -1.0 -1.0 +1
1.0 -1.0 -1.0 -1.0 -1.0 -1.0 -1.0 -1.0 -1.0 -1.0 -1.0 -1.0 1.0 -1.0 1.0 -1.0 1.0 -1.0 -1.0 -1.0 -1.0 -1.0 1.0 -1.0 -1.0 -1.0 -1.0 -1.0 1.0 -1.0 1.0 -1.0 -1.0 +1
1.0 -1.0 -1.0 -1.0 -1.0 -1.0 1.0 -1.0 -1.0 -1.0 -1.0 -1.0 1.0 -1.0 1.0 -1.0 1.0 -1.0 -1.0 -1.0 -1.0 -1.0 -1.0 -1.0 -1.0 -1.0 -1.0 -1.0 1.0 -1.0 -1.0 1.0 -1.0 +1
1.0 -1.0 -1.0 -1.0 -1.0 -1.0 -1.0 -1.0 -1.0 -1.0 -1.0 -1.0 1.0 -1.0 -1.0 -1.0 -1.0 -1.0 -1.0 -1.0 -1.0 -1.0 -1.0 -1.0 -1.0 -1.0 -1.0 -1.0 1.0 -1.0 -1.0 -1.0 -1.0 +1
-1.0 -1.0 -1.0 -1.0 -1.0 -1.0 1.0 -1.0 -1.0 -1.0 -1.0 -1.0 1.0 -1.0 1.0 -1.0 1.0 -1.0 -1.0 -1.0 -1.0 -1.0 1.0 -1.0 -1.0 -1.0 -1.0 -1.0 1.0 -1.0 -1.0 -1.0 -1.0 +1
1.0 -1.0 1.0 -1.0 1.0 -1.0 -1.0 -1.0 -1.0 -1.0 1.0 -1.0 1.0 -1.0 1.0 -1.0 1.0 -1.0 -1.0 -1.0 1.0 -1.0 -1.0 -1.0 -1.0 -1.0 -1.0 -1.0 1.0 -1.0 1.0 -1.0 -1.0 -1
-1.0 -1.0 1.0 -1.0 -1.0 -1.0 1.0 -1.0 1.0 -1.0 -1.0 -1.0 -1.0 -1.0 -1.0 -1.0 -1.0 -1.0 -1.0 -1.0 1.0 -1.0 -1.0 -1.0 1.0 -1.0 -1.0 -1.0 1.0 -1.0 -1.0 1.0 -1.0 +1
-1.0 -1.0 1.0 -1.0 -1.0 -1.0 1.0 -1.0 1.0 -1.0 1.0 -1.0 -1.0 -1.0 -1.0 -1.0 -1.0 1.0 -1.0 -1.0 -1.0 -1.0 -1.0 -1.0 1.0 -1.0 -1.0 -1.0 1.0 -1.0 -1.0 -1.0 -1.0 +1
1.0 -1.0 1.0 -1.0 1.0 -1.0 -1.0 -1.0 -1.0 -1.0 -1.0 -1.0 1.0 -1.0 1.0 -1.0 1.0 -1.0 -1.0 -1.0 1.0 -1.0 -1.0 -1.0 -1.0 -1.0 -1.0 -1.0 1.0 -1.0 -1.0 -1.0 -1.0 -1
1.0 -1.0 1.0 -1.0 1.0 -1.0 -1.0 -1.0 -1.0 -1.0 -1.0 -1.0 1.0 -1.0 1.0 -1.0 1.0 -1.0 1.0 -1.0 1.0 -1.0 -1.0 -1.0 -1.0 -1.0 -1.0 -1.0 1.0 -1.0 1.0 -1.0 -1.0 -1
1.0 -1.0 -1.0 1.0 1.0 -1.0 -1.0 -1.0 -1.0 -1.0 -1.0 -1.0 1.0 -1.0 1.0 -1.0 1.0 -1.0 -1.0 -1.0 1.0 -1.0 -1.0 -1.0 -1.0 -1.0 -1.0 -1.0 1.0 -1.0 1.0 -1.0 -1.0 -1
1.0 -1.0 1.0 -1.0 -1.0 -1.0 1.0 -1.0 -1.0 -1.0 -1.0 -1.0 1.0 -1.0 1.0 -1.0 1.0 -1.0 -1.0 -1.0 -1.0 -1.0 -1.0 -1.0 -1.0 -1.0 -1.0 -1.0 1.0 -1.0 -1.0 -1.0 -1.0 +1
1.0 -1.0 1.0 -1.0 1.0 -1.0 -1.0 -1.0 -1.0 -1.0 -1.0 -1.0 1.0 -1.0 1.0 -1.0 1.0 -1.0 -1.0 -1.0 1.0 -1.0 -1.0 -1.0 -1.0 -1.0 -1.0 -1.0 1.0 -1.0 1.0 -1.0 -1.0 -1
1.0 -1.0 1.0 -1.0 1.0 -1.0 -1.0 -1.0 -1.0 -1.0 -1.0 -1.0 1.0 -1.0 1.0 -1.0 1.0 -1.0 1.0 -1.0 1.0 -1.0 -1.0 -1.0 -1.0 -1.0 -1.0 -1.0 1.0 -1.0 1.0 -1.0 -1.0 -1
1.0 -1.0 -1.0 -1.0 -1.0 -1.0 1.0 -1.0 -1.0 -1.0 -1.0 -1.0 -1.0 -1.0 1.0 -1.0 -1.0 -1.0 -1.0 -1.0 -1.0 -1.0 1.0 -1.0 -1.0 -1.0 -1.0 -1.0 1.0 -1.0 -1.0 -1.0 -1.0 +1
1.0 -1.0 1.0 -1.0 1.0 -1.0 -1.0 -1.0 -1.0 -1.0 -1.0 -1.0 1.0 -1.0 1.0 -1.0 1.0 -1.0 -1.0 -1.0 1.0 -1.0 -1.0 1.0 -1.0 -1.0 -1.0 -1.0 1.0 -1.0 -1.0 1.0 -1.0 -1
-1.0 -1.0 1.0 -1.0 -1.0 -1.0 1.0 -1.0 1.0 -1.0 1.0 -1.0 -1.0 -1.0 -1.0 -1.0 -1.0 -1.0 -1.0 -1.0 1.0 -1.0 1.0 -1.0 1.0 -1.0 1.0 -1.0 -1.0 -1.0 -1.0 -1.0 -1.0 +1
-1.0 -1.0 1.0 -1.0 -1.0 -1.0 1.0 -1.0 1.0 -1.0 1.0 -1.0 -1.0 -1.0 -1.0 -1.0 -1.0 -1.0 -1.0 -1.0 -1.0 -1.0 1.0 -1.0 1.0 -1.0 1.0 -1.0 -1.0 -1.0 -1.0 -1.0 -1.0 +1
-1.0 -1.0 -1.0 -1.0 -1.0 -1.0 1.0 -1.0 1.0 -1.0 1.0 -1.0 -1.0 -1.0 -1.0 -1.0 1.0 -1.0 -1.0 -1.0 -1.0 -1.0 1.0 -1.0 1.0 -1.0 -1.0 1.0 -1.0 -1.0 -1.0 -1.0 -1.0 +1
-1.0 -1.0 1.0 -1.0 -1.0 -1.0 1.0 -1.0 1.0 -1.0 1.0 -1.0 -1.0 -1.0 1.0 -1.0 -1.0 -1.0 -1.0 -1.0 -1.0 -1.0 1.0 -1.0 1.0 -1.0 1.0 -1.0 -1.0 -1.0 -1.0 -1.0 -1.0 +1
-1.0 -1.0 1.0 -1.0 -1.0 -1.0 1.0 -1.0 -1.0 -1.0 -1.0 -1.0 1.0 -1.0 1.0 -1.0 1.0 -1.0 1.0 -1.0 1.0 -1.0 1.0 -1.0 1.0 -1.0 1.0 -1.0 1.0 -1.0 -1.0 -1.0 -1.0 +1
-1.0 -1.0 1.0 -1.0 -1.0 -1.0 1.0 -1.0 -1.0 -1.0 -1.0 -1.0 1.0 -1.0 -1.0 1.0 -1.0 1.0 1.0 -1.0 -1.0 -1.0 -1.0 1.0 -1.0 1.0 -1.0 1.0 -1.0 -1.0 -1.0 -1.0 -1.0 +1
1.0 -1.0 1.0 -1.0 -1.0 1.0 1.0 -1.0 -1.0 -1.0 -1.0 -1.0 1.0 -1.0 1.0 -1.0 1.0 -1.0 1.0 -1.0 -1.0 -1.0 -1.0 -1.0 -1.0 -1.0 -1.0 -1.0 1.0 -1.0 -1.0 -1.0 -1.0 +1
-1.0 -1.0 1.0 -1.0 1.0 -1.0 1.0 -1.0 -1.0 -1.0 -1.0 -1.0 -1.0 -1.0 1.0 -1.0 1.0 -1.0 -1.0 -1.0 -1.0 -1.0 1.0 -1.0 1.0 -1.0 -1.0 -1.0 1.0 -1.0 -1.0 -1.0 -1.0 +1
-1.0 -1.0 -1.0 -1.0 -1.0 -1.0 1.0 -1.0 1.0 -1.0 -1.0 -1.0 -1.0 -1.0 -1.0 -1.0 -1.0 -1.0 -1.0 -1.0 1.0 -1.0 1.0 -1.0 1.0 -1.0 1.0 -1.0 1.0 -1.0 -1.0 -1.0 -1.0 +1
1.0 -1.0 1.0 -1.0 1.0 -1.0 -1.0 -1.0 -1.0 -1.0 -1.0 -1.0 1.0 -1.0 1.0 -1.0 1.0 -1.0 -1.0 -1.0 -1.0 1.0 -1.0 -1.0 -1.0 -1.0 -1.0 -1.0 1.0 -1.0 1.0 -1.0 -1.0 -1
-1.0 -1.0 1.0 -1.0 1.0 -1.0 1.0 -1.0 -1.0 -1.0 -1.0 -1.0 1.0 -1.0 1.0 -1.0 1.0 -1.0 1.0 -1.0 -1.0 -1.0 -1.0 -1.0 1.0 -1.0 -1.0 -1.0 1.0 -1.0 -1.0 -1.0 -1.0 +1
-1.0 -1.0 1.0 -1.0 -1.0 -1.0 1.0 -1.0 -1.0 -1.0 -1.0 -1.0 -1.0 -1.0 1.0 -1.0 1.0 -1.0 1.0 -1.0 -1.0 -1.0 1.0 -1.0 1.0 -1.0 -1.0 -1.0 1.0 -1.0 -1.0 -1.0 -1.0 +1
-1.0 -1.0 1.0 -1.0 -1.0 -1.0 1.0 -1.0 -1.0 -1.0 -1.0 -1.0 -1.0 -1.0 1.0 -1.0 -1.0 1.0 1.0 -1.0 -1.0 -1.0 1.0 -1.0 -1.0 -1.0 -1.0 -1.0 -1.0 -1.0 -1.0 1.0 -1.0 +1
-1.0 -1.0 1.0 -1.0 1.0 -1.0 1.0 -1.0 -1.0 -1.0 -1.0 -1.0 -1.0 1.0 1.0 -1.0 -1.0 1.0 1.0 -1.0 1.0 -1.0 1.0 -1.0 1.0 -1.0 -1.0 -1.0 -1.0 1.0 1.0 -1.0 -1.0 +1
-1.0 1.0 -1.0 1.0 -1.0 1.0 -1.0 1.0 1.0 -1.0 -1.0 -1.0 -1.0 -1.0 -1.0 -1.0 -1.0 -1.0 -1.0 -1.0 -1.0 1.0 1.0 -1.0 -1.0 -1.0 -1.0 -1.0 1.0 -1.0 -1.0 1.0 -1.0 +1
-1.0 -1.0 -1.0 -1.0 -1.0 -1.0 1.0 -1.0 1.0 -1.0 1.0 -1.0 1.0 -1.0 -1.0 -1.0 -1.0 -1.0 1.0 -1.0 -1.0 -1.0 1.0 -1.0 1.0 -1.0 1.0 -1.0 -1.0 -1.0 -1.0 -1.0 -1.0 +1
1.0 -1.0 -1.0 -1.0 1.0 -1.0 -1.0 -1.0 -1.0 -1.0 -1.0 -1.0 1.0 -1.0 1.0 -1.0 1.0 -1.0 1.0 -1.0 1.0 -1.0 -1.0 -1.0 -1.0 -1.0 -1.0 -1.0 1.0 -1.0 -1.0 -1.0 -1.0 -1
1.0 -1.0 -1.0 1.0 -1.0 1.0 -1.0 1.0 -1.0 1.0 -1.0 1.0 -1.0 1.0 -1.0 1.0 -1.0 1.0 -1.0 1.0 -1.0 1.0 -1.0 1.0 -1.0 1.0 -1.0 -1.0 -1.0 1.0 -1.0 1.0 -1.0 -1
-1.0 -1.0 -1.0 1.0 -1.0 -1.0 1.0 -1.0 1.0 -1.0 1.0 -1.0 -1.0 -1.0 -1.0 -1.0 -1.0 -1.0 1.0 -1.0 1.0 -1.0 1.0 -1.0 1.0 -1.0 1.0 -1.0 -1.0 -1.0 -1.0 1.0 -1.0 +1
-1.0 -1.0 -1.0 1.0 -1.0 -1.0 1.0 -1.0 1.0 -1.0 1.0 -1.0 -1.0 -1.0 -1.0 -1.0 -1.0 -1.0 1.0 -1.0 1.0 -1.0 1.0 -1.0 1.0 -1.0 1.0 -1.0 -1.0 -1.0 -1.0 1.0 -1.0 +1
1.0 -1.0 1.0 -1.0 -1.0 -1.0 1.0 -1.0 1.0 -1.0 1.0 -1.0 -1.0 -1.0 -1.0 -1.0 -1.0 -1.0 -1.0 -1.0 1.0 -1.0 1.0 -1.0 1.0 -1.0 1.0 -1.0 -1.0 -1.0 -1.0 -1.0 -1.0 +1
1.0 -1.0 -1.0 1.0 1.0 -1.0 -1.0 -1.0 -1.0 -1.0 -1.0 -1.0 1.0 -1.0 1.0 -1.0 1.0 -1.0 -1.0 -1.0 1.0 -1.0 -1.0 -1.0 -1.0 -1.0 -1.0 -1.0 1.0 -1.0 -1.0 -1.0 -1.0 -1
1.0 -1.0 -1.0 1.0 -1.0 -1.0 1.0 -1.0 1.0 -1.0 -1.0 -1.0 -1.0 -1.0 -1.0 -1.0 1.0 -1.0 -1.0 -1.0 1.0 -1.0 1.0 -1.0 1.0 -1.0 1.0 -1.0 -1.0 -1.0 -1.0 1.0 -1.0 +1
1.0 -1.0 -1.0 1.0 1.0 -1.0 -1.0 -1.0 -1.0 -1.0 -1.0 -1.0 1.0 -1.0 1.0 -1.0 1.0 -1.0 -1.0 -1.0 1.0 -1.0 -1.0 -1.0 -1.0 -1.0 -1.0 -1.0 1.0 -1.0 1.0 -1.0 -1.0 -1
-1.0 -1.0 -1.0 1.0 -1.0 -1.0 1.0 -1.0 1.0 -1.0 1.0 -1.0 -1.0 -1.0 -1.0 -1.0 -1.0 -1.0 1.0 -1.0 1.0 -1.0 1.0 -1.0 1.0 -1.0 1.0 -1.0 -1.0 -1.0 -1.0 1.0 -1.0 +1
1.0 -1.0 -1.0 1.0 -1.0 -1.0 1.0 -1.0 -1.0 1.0 -1.0 1.0 -1.0 -1.0 -1.0 -1.0 -1.0 -1.0 -1.0 -1.0 -1.0 1.0 -1.0 1.0 1.0 -1.0 1.0 -1.0 -1.0 -1.0 -1.0 -1.0 -1.0 +1
-1.0 -1.0 1.0 -1.0 -1.0 -1.0 1.0 -1.0 1.0 -1.0 1.0 -1.0 -1.0 -1.0 -1.0 -1.0 -1.0 -1.0 1.0 -1.0 -1.0 -1.0 1.0 -1.0 1.0 -1.0 1.0 -1.0 -1.0 -1.0 -1.0 -1.0 -1.0 +1
-1.0 -1.0 -1.0 -1.0 -1.0 -1.0 -1.0 -1.0 -1.0 -1.0 1.0 -1.0 -1.0 -1.0 1.0 -1.0 1.0 -1.0 1.0 -1.0 1.0 -1.0 -1.0 -1.0 -1.0 -1.0 -1.0 -1.0 1.0 -1.0 -1.0 -1.0 -1.0 -1
1.0 -1.0 -1.0 -1.0 -1.0 -1.0 1.0 -1.0 1.0 -1.0 1.0 -1.0 1.0 -1.0 -1.0 -1.0 -1.0 -1.0 -1.0 -1.0 -1.0 -1.0 1.0 -1.0 1.0 -1.0 1.0 -1.0 -1.0 -1.0 -1.0 -1.0 -1.0 +1
1.0 -1.0 1.0 -1.0 1.0 -1.0 -1.0 -1.0 -1.0 -1.0 -1.0 -1.0 1.0 -1.0 1.0 -1.0 1.0 -1.0 1.0 -1.0 1.0 -1.0 -1.0 -1.0 -1.0 -1.0 -1.0 -1.0 1.0 -1.0 1.0 -1.0 -1.0 -1
1.0 -1.0 -1.0 1.0 -1.0 1.0 -1.0 -1.0 -1.0 -1.0 -1.0 -1.0 1.0 -1.0 1.0 -1.0 1.0 -1.0 -1.0 -1.0 1.0 -1.0 -1.0 -1.0 -1.0 -1.0 -1.0 -1.0 -1.0 1.0 -1.0 -1.0 -1.0 -1
1.0 -1.0 -1.0 1.0 1.0 -1.0 -1.0 -1.0 -1.0 -1.0 -1.0 -1.0 1.0 -1.0 1.0 -1.0 1.0 -1.0 -1.0 -1.0 1.0 -1.0 -1.0 -1.0 -1.0 -1.0 -1.0 -1.0 1.0 -1.0 -1.0 -1.0 -1.0 -1
1.0 -1.0 1.0 -1.0 1.0 -1.0 -1.0 -1.0 -1.0 -1.0 -1.0 -1.0 1.0 -1.0 1.0 -1.0 1.0 -1.0 -1.0 -1.0 1.0 -1.0 -1.0 -1.0 1.0 -1.0 -1.0 -1.0 1.0 -1.0 -1.0 -1.0 -1.0 -1
-1.0 -1.0 -1.0 1.0 1.0 -1.0 -1.0 -1.0 -1.0 -1.0 -1.0 -1.0 1.0 -1.0 -1.0 -1.0 1.0 -1.0 1.0 -1.0 1.0 -1.0 -1.0 -1.0 -1.0 -1.0 -1.0 -1.0 1.0 -1.0 -1.0 -1.0 -1.0 -1
1.0 -1.0 -1.0 1.0 -1.0 -1.0 1.0 -1.0 1.0 -1.0 1.0 -1.0 -1.0 -1.0 -1.0 -1.0 -1.0 -1.0 1.0 -1.0 1.0 -1.0 1.0 -1.0 1.0 -1.0 1.0 -1.0 -1.0 -1.0 -1.0 -1.0 -1.0 +1
1.0 -1.0 -1.0 1.0 1.0 -1.0 -1.0 -1.0 -1.0 -1.0 -1.0 -1.0 1.0 -1.0 1.0 -1.0 1.0 -1.0 -1.0 -1.0 1.0 -1.0 -1.0 -1.0 -1.0 -1.0 -1.0 -1.0 1.0 -1.0 -1.0 -1.0 -1.0 -1
1.0 -1.0 -1.0 1.0 1.0 -1.0 -1.0 -1.0 -1.0 -1.0 -1.0 -1.0 1.0 -1.0 1.0 -1.0 1.0 -1.0 1.0 -1.0 1.0 -1.0 -1.0 -1.0 -1.0 -1.0 -1.0 -1.0 1.0 -1.0 1.0 -1.0 -1.0 -1
1.0 -1.0 -1.0 1.0 -1.0 -1.0 1.0 -1.0 1.0 -1.0 1.0 -1.0 -1.0 -1.0 -1.0 -1.0 -1.0 -1.0 -1.0 -1.0 -1.0 -1.0 1.0 -1.0 1.0 -1.0 -1.0 -1.0 -1.0 -1.0 -1.0 -1.0 -1.0 +1
1.0 -1.0 -1.0 1.0 -1.0 -1.0 1.0 -1.0 1.0 -1.0 -1.0 -1.0 1.0 -1.0 -1.0 -1.0 1.0 -1.0 -1.0 -1.0 -1.0 -1.0 1.0 -1.0 1.0 -1.0 1.0 -1.0 -1.0 -1.0 -1.0 -1.0 -1.0 +1
-1.0 1.0 -1.0 1.0 -1.0 -1.0 1.0 -1.0 1.0 -1.0 1.0 -1.0 -1.0 -1.0 -1.0 -1.0 -1.0 1.0 1.0 -1.0 -1.0 1.0 -1.0 1.0 -1.0 1.0 -1.0 1.0 -1.0 1.0 -1.0 1.0 -1.0 +1
-1.0 -1.0 -1.0 1.0 -1.0 -1.0 1.0 -1.0 -1.0 1.0 -1.0 1.0 -1.0 -1.0 -1.0 -1.0 -1.0 -1.0 1.0 -1.0 1.0 -1.0 1.0 -1.0 1.0 -1.0 1.0 -1.0 -1.0 -1.0 -1.0 1.0 -1.0 +1
1.0 -1.0 1.0 -1.0 -1.0 -1.0 1.0 -1.0 1.0 -1.0 -1.0 -1.0 1.0 -1.0 -1.0 -1.0 -1.0 -1.0 -1.0 -1.0 1.0 -1.0 1.0 -1.0 1.0 -1.0 -1.0 -1.0 1.0 -1.0 -1.0 -1.0 -1.0 +1
1.0 -1.0 1.0 -1.0 1.0 -1.0 -1.0 -1.0 -1.0 -1.0 -1.0 -1.0 1.0 -1.0 1.0 -1.0 1.0 -1.0 -1.0 -1.0 1.0 -1.0 -1.0 -1.0 -1.0 -1.0 -1.0 -1.0 1.0 -1.0 -1.0 1.0 -1.0 -1
1.0 -1.0 1.0 -1.0 1.0 -1.0 -1.0 -1.0 -1.0 -1.0 -1.0 -1.0 1.0 -1.0 1.0 -1.0 1.0 -1.0 -1.0 -1.0 1.0 -1.0 -1.0 -1.0 -1.0 -1.0 -1.0 -1.0 1.0 -1.0 -1.0 -1.0 -1.0 -1
1.0 -1.0 1.0 -1.0 1.0 -1.0 -1.0 -1.0 -1.0 -1.0 -1.0 -1.0 1.0 -1.0 1.0 -1.0 1.0 -1.0 1.0 -1.0 1.0 -1.0 -1.0 -1.0 -1.0 -1.0 -1.0 -1.0 1.0 -1.0 -1.0 1.0 -1.0 -1
1.0 -1.0 1.0 -1.0 1.0 -1.0 -1.0 -1.0 -1.0 -1.0 -1.0 -1.0 1.0 -1.0 1.0 -1.0 1.0 -1.0 -1.0 -1.0 1.0 -1.0 -1.0 -1.0 -1.0 -1.0 -1.0 -1.0 1.0 -1.0 1.0 -1.0 -1.0 -1
1.0 -1.0 -1.0 -1.0 1.0 -1.0 -1.0 -1.0 -1.0 -1.0 -1.0 -1.0 1.0 -1.0 1.0 -1.0 1.0 -1.0 -1.0 -1.0 -1.0 -1.0 -1.0 -1.0 -1.0 -1.0 1.0 -1.0 1.0 -1.0 -1.0 -1.0 -1.0 -1
1.0 -1.0 -1.0 1.0 -1.0 -1.0 1.0 -1.0 1.0 -1.0 -1.0 -1.0 -1.0 -1.0 -1.0 -1.0 -1.0 -1.0 -1.0 -1.0 1.0 -1.0 1.0 -1.0 1.0 -1.0 -1.0 -1.0 -1.0 -1.0 -1.0 -1.0 -1.0 +1
1.0 -1.0 1.0 -1.0 -1.0 -1.0 1.0 -1.0 1.0 -1.0 -1.0 -1.0 -1.0 -1.0 -1.0 -1.0 -1.0 -1.0 -1.0 -1.0 1.0 -1.0 1.0 -1.0 1.0 -1.0 -1.0 -1.0 1.0 -1.0 -1.0 -1.0 -1.0 +1
-1.0 -1.0 1.0 -1.0 -1.0 -1.0 1.0 -1.0 1.0 -1.0 -1.0 -1.0 -1.0 -1.0 -1.0 -1.0 -1.0 -1.0 1.0 -1.0 1.0 -1.0 1.0 -1.0 1.0 -1.0 1.0 -1.0 -1.0 -1.0 -1.0 -1.0 -1.0 +1
1.0 -1.0 1.0 -1.0 1.0 -1.0 -1.0 -1.0 1.0 -1.0 1.0 -1.0 -1.0 -1.0 -1.0 -1.0 -1.0 -1.0 -1.0 -1.0 1.0 -1.0 1.0 -1.0 -1.0 -1.0 -1.0 -1.0 1.0 -1.0 -1.0 -1.0 -1.0 -1
1.0 -1.0 1.0 -1.0 1.0 -1.0 -1.0 -1.0 -1.0 -1.0 -1.0 -1.0 -1.0 -1.0 -1.0 -1.0 -1.0 -1.0 -1.0 -1.0 1.0 -1.0 -1.0 -1.0 -1.0 -1.0 -1.0 -1.0 -1.0 1.0 -1.0 -1.0 -1.0 -1
1.0 -1.0 1.0 -1.0 1.0 -1.0 -1.0 -1.0 -1.0 -1.0 -1.0 -1.0 -1.0 -1.0 -1.0 -1.0 -1.0 -1.0 -1.0 -1.0 1.0 -1.0 -1.0 -1.0 -1.0 -1.0 -1.0 -1.0 1.0 -1.0 -1.0 -1.0 -1.0 -1
-1.0 1.0 -1.0 -1.0 1.0 -1.0 1.0 -1.0 1.0 -1.0 1.0 -1.0 -1.0 -1.0 -1.0 -1.0 -1.0 -1.0 -1.0 -1.0 -1.0 -1.0 1.0 -1.0 1.0 -1.0 -1.0 -1.0 -1.0 -1.0 -1.0 -1.0 -1.0 +1
1.0 -1.0 -1.0 1.0 1.0 -1.0 1.0 -1.0 1.0 -1.0 -1.0 -1.0 -1.0 -1.0 -1.0 -1.0 -1.0 -1.0 -1.0 -1.0 1.0 -1.0 1.0 -1.0 1.0 -1.0 -1.0 -1.0 1.0 -1.0 -1.0 1.0 -1.0 +1
1.0 -1.0 1.0 -1.0 -1.0 -1.0 1.0 -1.0 1.0 -1.0 -1.0 -1.0 -1.0 -1.0 -1.0 -1.0 -1.0 -1.0 -1.0 -1.0 1.0 -1.0 1.0 -1.0 1.0 -1.0 -1.0 -1.0 -1.0 1.0 -1.0 -1.0 -1.0 +1
1.0 -1.0 -1.0 -1.0 1.0 -1.0 -1.0 -1.0 -1.0 -1.0 -1.0 -1.0 1.0 -1.0 1.0 -1.0 1.0 -1.0 1.0 -1.0 1.0 -1.0 -1.0 -1.0 -1.0 -1.0 -1.0 -1.0 1.0 -1.0 -1.0 -1.0 -1.0 -1
1.0 -1.0 1.0 -1.0 1.0 -1.0 1.0 -1.0 1.0 -1.0 1.0 -1.0 -1.0 -1.0 -1.0 -1.0 -1.0 -1.0 -1.0 -1.0 1.0 -1.0 -1.0 -1.0 -1.0 -1.0 -1.0 -1.0 -1.0 -1.0 -1.0 -1.0 -1.0 +1
1.0 -1.0 -1.0 -1.0 1.0 -1.0 -1.0 -1.0 -1.0 -1.0 -1.0 -1.0 1.0 -1.0 1.0 -1.0 1.0 -1.0 -1.0 -1.0 -1.0 -1.0 -1.0 -1.0 -1.0 -1.0 -1.0 -1.0 1.0 -1.0 -1.0 -1.0 -1.0 -1
1.0 -1.0 1.0 -1.0 -1.0 -1.0 1.0 -1.0 1.0 -1.0 1.0 -1.0 -1.0 -1.0 -1.0 -1.0 -1.0 -1.0 -1.0 -1.0 1.0 -1.0 1.0 -1.0 -1.0 -1.0 1.0 -1.0 -1.0 -1.0 -1.0 -1.0 -1.0 +1
-1.0 -1.0 -1.0 -1.0 1.0 -1.0 -1.0 -1.0 -1.0 -1.0 -1.0 -1.0 1.0 -1.0 1.0 -1.0 1.0 -1.0 -1.0 -1.0 1.0 -1.0 -1.0 -1.0 -1.0 -1.0 -1.0 -1.0 1.0 -1.0 -1.0 -1.0 -1.0 -1
-1.0 -1.0 -1.0 -1.0 -1.0 1.0 -1.0 -1.0 -1.0 -1.0 -1.0 -1.0 1.0 -1.0 1.0 -1.0 -1.0 -1.0 1.0 -1.0 -1.0 -1.0 -1.0 1.0 -1.0 -1.0 -1.0 -1.0 1.0 -1.0 1.0 -1.0 -1.0 +1
1.0 -1.0 -1.0 -1.0 -1.0 -1.0 1.0 -1.0 1.0 -1.0 -1.0 -1.0 1.0 -1.0 -1.0 -1.0 -1.0 -1.0 -1.0 -1.0 -1.0 -1.0 1.0 -1.0 -1.0 -1.0 1.0 -1.0 -1.0 -1.0 -1.0 -1.0 -1.0 +1
1.0 -1.0 1.0 -1.0 -1.0 -1.0 1.0 -1.0 1.0 -1.0 -1.0 -1.0 -1.0 -1.0 -1.0 -1.0 -1.0 -1.0 -1.0 -1.0 -1.0 -1.0 1.0 -1.0 -1.0 -1.0 -1.0 -1.0 1.0 -1.0 -1.0 -1.0 -1.0 +1
1.0 -1.0 -1.0 -1.0 1.0 -1.0 -1.0 -1.0 -1.0 -1.0 -1.0 -1.0 1.0 -1.0 1.0 -1.0 1.0 -1.0 1.0 -1.0 1.0 -1.0 -1.0 -1.0 -1.0 -1.0 -1.0 -1.0 1.0 -1.0 1.0 -1.0 -1.0 -1
-1.0 -1.0 -1.0 -1.0 1.0 -1.0 -1.0 -1.0 -1.0 -1.0 -1.0 -1.0 1.0 -1.0 -1.0 1.0 1.0 -1.0 1.0 -1.0 -1.0 -1.0 -1.0 -1.0 -1.0 -1.0 -1.0 -1.0 1.0 -1.0 1.0 -1.0 -1.0 -1
-1.0 -1.0 -1.0 -1.0 1.0 -1.0 -1.0 -1.0 -1.0 -1.0 -1.0 -1.0 -1.0 -1.0 1.0 -1.0 1.0 -1.0 1.0 -1.0 1.0 -1.0 -1.0 -1.0 -1.0 -1.0 -1.0 -1.0 1.0 -1.0 1.0 -1.0 -1.0 -1
1.0 -1.0 -1.0 -1.0 -1.0 -1.0 1.0 -1.0 1.0 -1.0 -1.0 -1.0 1.0 -1.0 -1.0 -1.0 -1.0 -1.0 1.0 -1.0 -1.0 -1.0 1.0 -1.0 -1.0 1.0 -1.0 1.0 -1.0 1.0 -1.0 1.0 -1.0 +1
1.0 -1.0 -1.0 -1.0 1.0 -1.0 -1.0 -1.0 -1.0 -1.0 -1.0 -1.0 1.0 -1.0 1.0 -1.0 1.0 -1.0 -1.0 -1.0 1.0 -1.0 -1.0 -1.0 -1.0 -1.0 -1.0 -1.0 1.0 -1.0 1.0 -1.0 -1.0 -1
1.0 -1.0 -1.0 -1.0 -1.0 -1.0 1.0 -1.0 -1.0 1.0 -1.0 -1.0 -1.0 -1.0 -1.0 -1.0 -1.0 -1.0 -1.0 -1.0 -1.0 -1.0 1.0 -1.0 1.0 -1.0 -1.0 1.0 1.0 -1.0 -1.0 1.0 -1.0 +1
1.0 -1.0 -1.0 -1.0 1.0 -1.0 1.0 -1.0 -1.0 -1.0 -1.0 -1.0 1.0 -1.0 1.0 -1.0 1.0 -1.0 1.0 -1.0 1.0 -1.0 -1.0 -1.0 -1.0 -1.0 -1.0 -1.0 -1.0 -1.0 -1.0 -1.0 -1.0 +1
1.0 -1.0 1.0 -1.0 1.0 -1.0 1.0 -1.0 -1.0 -1.0 -1.0 -1.0 -1.0 -1.0 1.0 -1.0 1.0 -1.0 1.0 -1.0 1.0 -1.0 -1.0 -1.0 -1.0 -1.0 -1.0 -1.0 1.0 -1.0 -1.0 -1.0 -1.0 +1
1.0 -1.0 -1.0 -1.0 -1.0 -1.0 1.0 -1.0 -1.0 -1.0 -1.0 -1.0 -1.0 -1.0 1.0 -1.0 1.0 -1.0 1.0 -1.0 -1.0 -1.0 -1.0 -1.0 -1.0 -1.0 -1.0 -1.0 1.0 -1.0 -1.0 -1.0 -1.0 +1
1.0 -1.0 -1.0 -1.0 1.0 -1.0 -1.0 -1.0 -1.0 -1.0 -1.0 -1.0 -1.0 -1.0 1.0 -1.0 1.0 -1.0 1.0 -1.0 1.0 -1.0 -1.0 -1.0 -1.0 -1.0 -1.0 -1.0 1.0 -1.0 -1.0 -1.0 -1.0 -1
-1.0 -1.0 -1.0 -1.0 1.0 -1.0 1.0 -1.0 -1.0 -1.0 -1.0 -1.0 1.0 -1.0 1.0 -1.0 1.0 -1.0 -1.0 -1.0 -1.0 -1.0 -1.0 -1.0 -1.0 -1.0 -1.0 -1.0 1.0 -1.0 -1.0 1.0 -1.0 +1
1.0 -1.0 -1.0 -1.0 -1.0 -1.0 1.0 -1.0 1.0 -1.0 -1.0 -1.0 -1.0 -1.0 -1.0 -1.0 -1.0 -1.0 -1.0 -1.0 -1.0 -1.0 1.0 -1.0 -1.0 -1.0 1.0 -1.0 -1.0 -1.0 -1.0 1.0 -1.0 +1
-1.0 -1.0 1.0 -1.0 -1.0 -1.0 -1.0 -1.0 -1.0 -1.0 -1.0 -1.0 -1.0 -1.0 -1.0 -1.0 1.0 -1.0 -1.0 -1.0 1.0 -1.0 -1.0 -1.0 1.0 -1.0 -1.0 -1.0 -1.0 -1.0 -1.0 -1.0 -1.0 -1
-1.0 -1.0 1.0 -1.0 -1.0 -1.0 -1.0 -1.0 -1.0 -1.0 -1.0 -1.0 -1.0 -1.0 -1.0 -1.0 1.0 -1.0 -1.0 -1.0 -1.0 -1.0 -1.0 -1.0 1.0 -1.0 -1.0 -1.0 -1.0 -1.0 -1.0 -1.0 -1.0 -1
1.0 -1.0 1.0 -1.0 -1.0 -1.0 -1.0 -1.0 -1.0 -1.0 -1.0 -1.0 1.0 -1.0 1.0 -1.0 -1.0 -1.0 1.0 -1.0 1.0 -1.0 1.0 -1.0 -1.0 -1.0 -1.0 -1.0 -1.0 -1.0 -1.0 1.0 -1.0 +1
-1.0 -1.0 1.0 -1.0 -1.0 -1.0 1.0 -1.0 1.0 -1.0 1.0 -1.0 -1.0 -1.0 -1.0 -1.0 -1.0 -1.0 -1.0 -1.0 -1.0 -1.0 1.0 -1.0 1.0 -1.0 -1.0 -1.0 1.0 -1.0 -1.0 -1.0 -1.0 +1
-1.0 -1.0 1.0 -1.0 -1.0 -1.0 1.0 -1.0 1.0 -1.0 1.0 -1.0 -1.0 1.0 -1.0 -1.0 -1.0 -1.0 -1.0 1.0 1.0 -1.0 1.0 -1.0 1.0 -1.0 1.0 -1.0 -1.0 -1.0 -1.0 1.0 -1.0 +1
1.0 -1.0 -1.0 1.0 1.0 -1.0 -1.0 -1.0 -1.0 -1.0 -1.0 -1.0 1.0 -1.0 1.0 -1.0 1.0 -1.0 -1.0 -1.0 1.0 -1.0 -1.0 -1.0 -1.0 -1.0 -1.0 -1.0 1.0 -1.0 -1.0 -1.0 -1.0 -1
1.0 -1.0 -1.0 -1.0 -1.0 -1.0 1.0 -1.0 1.0 -1.0 1.0 -1.0 -1.0 -1.0 -1.0 -1.0 -1.0 -1.0 -1.0 -1.0 1.0 -1.0 1.0 -1.0 -1.0 1.0 1.0 -1.0 -1.0 -1.0 -1.0 -1.0 -1.0 +1
1.0 -1.0 1.0 -1.0 1.0 -1.0 1.0 -1.0 -1.0 -1.0 -1.0 -1.0 1.0 -1.0 1.0 -1.0 1.0 -1.0 -1.0 -1.0 -1.0 -1.0 -1.0 -1.0 -1.0 -1.0 -1.0 -1.0 1.0 -1.0 -1.0 -1.0 -1.0 +1
-1.0 -1.0 -1.0 1.0 -1.0 -1.0 1.0 -1.0 1.0 -1.0 1.0 -1.0 -1.0 -1.0 -1.0 -1.0 -1.0 -1.0 1.0 -1.0 1.0 -1.0 1.0 -1.0 1.0 -1.0 1.0 -1.0 -1.0 -1.0 -1.0 1.0 -1.0 +1
1.0 -1.0 -1.0 -1.0 -1.0 -1.0 1.0 -1.0 1.0 -1.0 1.0 -1.0 -1.0 -1.0 -1.0 -1.0 -1.0 -1.0 -1.0 -1.0 1.0 -1.0 1.0 -1.0 1.0 -1.0 1.0 -1.0 -1.0 -1.0 -1.0 -1.0 -1.0 +1
1.0 -1.0 1.0 -1.0 -1.0 -1.0 -1.0 -1.0 1.0 -1.0 1.0 -1.0 -1.0 -1.0 -1.0 -1.0 -1.0 -1.0 -1.0 -1.0 1.0 -1.0 1.0 -1.0 1.0 -1.0 -1.0 -1.0 -1.0 -1.0 -1.0 -1.0 -1.0 -1
1.0 -1.0 1.0 -1.0 -1.0 -1.0 1.0 -1.0 1.0 -1.0 1.0 -1.0 -1.0 -1.0 -1.0 -1.0 -1.0 -1.0 -1.0 -1.0 -1.0 -1.0 -1.0 1.0 1.0 -1.0 1.0 -1.0 -1.0 -1.0 -1.0 -1.0 -1.0 +1
-1.0 1.0 1.0 -1.0 -1.0 -1.0 1.0 -1.0 1.0 -1.0 1.0 -1.0 -1.0 -1.0 -1.0 -1.0 -1.0 -1.0 -1.0 -1.0 -1.0 -1.0 -1.0 1.0 1.0 -1.0 1.0 -1.0 -1.0 -1.0 -1.0 1.0 -1.0 +1
-1.0 -1.0 1.0 -1.0 -1.0 -1.0 1.0 -1.0 1.0 -1.0 1.0 -1.0 -1.0 -1.0 -1.0 -1.0 -1.0 -1.0 -1.0 -1.0 1.0 -1.0 1.0 -1.0 1.0 -1.0 1.0 -1.0 -1.0 -1.0 -1.0 -1.0 -1.0 +1
-1.0 1.0 -1.0 1.0 -1.0 -1.0 1.0 -1.0 1.0 -1.0 1.0 -1.0 -1.0 -1.0 -1.0 -1.0 -1.0 -1.0 -1.0 1.0 -1.0 1.0 1.0 -1.0 1.0 -1.0 1.0 -1.0 -1.0 1.0 -1.0 1.0 -1.0 +1
1.0 -1.0 1.0 -1.0 -1.0 -1.0 1.0 -1.0 1.0 -1.0 1.0 -1.0 -1.0 -1.0 -1.0 -1.0 -1.0 -1.0 -1.0 -1.0 -1.0 -1.0 1.0 -1.0 1.0 -1.0 1.0 -1.0 -1.0 -1.0 -1.0 -1.0 -1.0 +1
-1.0 -1.0 -1.0 1.0 -1.0 -1.0 1.0 -1.0 1.0 -1.0 1.0 -1.0 -1.0 -1.0 -1.0 -1.0 -1.0 -1.0 1.0 -1.0 1.0 -1.0 1.0 -1.0 1.0 -1.0 1.0 -1.0 -1.0 -1.0 -1.0 -1.0 -1.0 +1
-1.0 1.0 -1.0 1.0 -1.0 1.0 -1.0 1.0 -1.0 1.0 -1.0 1.0 -1.0 1.0 -1.0 1.0 -1.0 -1.0 -1.0 1.0 -1.0 1.0 -1.0 1.0 -1.0 1.0 -1.0 1.0 -1.0 1.0 -1.0 1.0 -1.0 +1
1.0 -1.0 1.0 -1.0 -1.0 -1.0 1.0 -1.0 1.0 -1.0 1.0 -1.0 -1.0 -1.0 -1.0 -1.0 -1.0 -1.0 -1.0 -1.0 -1.0 -1.0 1.0 -1.0 1.0 -1.0 1.0 -1.0 -1.0 -1.0 -1.0 -1.0 -1.0 +1
-1.0 -1.0 1.0 -1.0 -1.0 -1.0 1.0 -1.0 1.0 -1.0 1.0 -1.0 -1.0 -1.0 -1.0 -1.0 -1.0 -1.0 -1.0 -1.0 1.0 -1.0 -1.0 1.0 1.0 -1.0 1.0 -1.0 -1.0 -1.0 -1.0 -1.0 -1.0 +1
1.0 -1.0 -1.0 -1.0 -1.0 -1.0 1.0 -1.0 1.0 -1.0 1.0 -1.0 -1.0 -1.0 -1.0 -1.0 -1.0 -1.0 -1.0 -1.0 -1.0 -1.0 1.0 -1.0 1.0 -1.0 1.0 -1.0 -1.0 -1.0 -1.0 -1.0 -1.0 +1
-1.0 -1.0 1.0 -1.0 -1.0 -1.0 1.0 -1.0 1.0 -1.0 1.0 -1.0 -1.0 -1.0 -1.0 -1.0 -1.0 -1.0 1.0 -1.0 1.0 -1.0 1.0 -1.0 1.0 -1.0 1.0 -1.0 -1.0 -1.0 -1.0 1.0 -1.0 +1
-1.0 -1.0 -1.0 1.0 1.0 -1.0 -1.0 -1.0 -1.0 -1.0 -1.0 -1.0 -1.0 -1.0 -1.0 -1.0 1.0 -1.0 1.0 -1.0 1.0 -1.0 -1.0 -1.0 -1.0 1.0 -1.0 -1.0 -1.0 1.0 -1.0 1.0 -1.0 -1
-1.0 -1.0 1.0 -1.0 -1.0 -1.0 1.0 -1.0 1.0 -1.0 1.0 -1.0 -1.0 -1.0 -1.0 -1.0 -1.0 -1.0 1.0 -1.0 1.0 -1.0 1.0 -1.0 1.0 -1.0 1.0 -1.0 -1.0 -1.0 -1.0 -1.0 -1.0 +1
1.0 -1.0 -1.0 1.0 1.0 -1.0 -1.0 -1.0 -1.0 -1.0 -1.0 -1.0 1.0 -1.0 1.0 -1.0 1.0 -1.0 1.0 -1.0 1.0 -1.0 -1.0 -1.0 -1.0 -1.0 -1.0 -1.0 1.0 -1.0 -1.0 1.0 -1.0 -1
1.0 -1.0 -1.0 -1.0 1.0 -1.0 -1.0 -1.0 -1.0 -1.0 -1.0 -1.0 1.0 -1.0 -1.0 1.0 1.0 -1.0 -1.0 -1.0 1.0 -1.0 -1.0 -1.0 -1.0 -1.0 -1.0 -1.0 1.0 -1.0 -1.0 1.0 -1.0 -1
1.0 -1.0 1.0 -1.0 1.0 -1.0 1.0 -1.0 1.0 -1.0 -1.0 -1.0 -1.0 -1.0 -1.0 -1.0 -1.0 -1.0 1.0 -1.0 -1.0 -1.0 1.0 -1.0 1.0 -1.0 -1.0 -1.0 -1.0 -1.0 -1.0 -1.0 -1.0 +1
1.0 -1.0 1.0 -1.0 -1.0 -1.0 1.0 -1.0 1.0 -1.0 1.0 -1.0 -1.0 -1.0 -1.0 -1.0 -1.0 -1.0 1.0 -1.0 1.0 -1.0 1.0 -1.0 1.0 -1.0 1.0 -1.0 -1.0 -1.0 -1.0 -1.0 -1.0 +1
1.0 -1.0 1.0 -1.0 -1.0 -1.0 1.0 -1.0 1.0 -1.0 -1.0 -1.0 -1.0 -1.0 -1.0 1.0 -1.0 -1.0 -1.0 -1.0 -1.0 -1.0 1.0 -1.0 1.0 -1.0 1.0 -1.0 -1.0 -1.0 -1.0 -1.0 -1.0 +1
1.0 -1.0 1.0 -1.0 1.0 -1.0 -1.0 -1.0 -1.0 -1.0 -1.0 -1.0 1.0 -1.0 1.0 -1.0 1.0 -1.0 1.0 -1.0 1.0 -1.0 -1.0 -1.0 -1.0 -1.0 -1.0 -1.0 1.0 -1.0 -1.0 1.0 -1.0 -1
1.0 -1.0 1.0 -1.0 -1.0 -1.0 1.0 -1.0 1.0 -1.0 -1.0 -1.0 -1.0 -1.0 -1.0 -1.0 -1.0 -1.0 1.0 -1.0 -1.0 -1.0 -1.0 -1.0 1.0 -1.0 -1.0 -1.0 -1.0 -1.0 -1.0 1.0 -1.0 +1
1.0 -1.0 -1.0 1.0 -1.0 -1.0 -1.0 -1.0 -1.0 -1.0 -1.0 -1.0 1.0 -1.0 1.0 -1.0 1.0 -1.0 -1.0 -1.0 1.0 -1.0 1.0 -1.0 1.0 -1.0 -1.0 -1.0 1.0 -1.0 -1.0 -1.0 -1.0 -1
1.0 -1.0 1.0 -1.0 -1.0 -1.0 1.0 -1.0 1.0 -1.0 1.0 -1.0 -1.0 -1.0 -1.0 -1.0 -1.0 -1.0 -1.0 -1.0 -1.0 -1.0 1.0 -1.0 -1.0 1.0 1.0 -1.0 -1.0 -1.0 -1.0 1.0 -1.0 +1
-1.0 -1.0 -1.0 -1.0 1.0 -1.0 1.0 -1.0 1.0 -1.0 1.0 -1.0 -1.0 -1.0 -1.0 -1.0 -1.0 1.0 1.0 -1.0 -1.0 -1.0 1.0 -1.0 1.0 -1.0 1.0 -1.0 -1.0 -1.0 -1.0 1.0 -1.0 +1
1.0 -1.0 1.0 -1.0 -1.0 -1.0 1.0 -1.0 1.0 -1.0 1.0 -1.0 -1.0 -1.0 -1.0 -1.0 -1.0 -1.0 1.0 -1.0 1.0 -1.0 1.0 -1.0 1.0 -1.0 -1.0 -1.0 -1.0 -1.0 -1.0 -1.0 -1.0 +1
-1.0 -1.0 -1.0 -1.0 -1.0 -1.0 1.0 -1.0 1.0 -1.0 1.0 -1.0 -1.0 -1.0 -1.0 -1.0 -1.0 -1.0 1.0 -1.0 1.0 -1.0 1.0 -1.0 1.0 -1.0 1.0 -1.0 -1.0 -1.0 -1.0 -1.0 -1.0 +1
-1.0 -1.0 1.0 -1.0 -1.0 -1.0 1.0 -1.0 1.0 -1.0 -1.0 -1.0 -1.0 -1.0 -1.0 -1.0 -1.0 -1.0 -1.0 -1.0 -1.0 -1.0 1.0 -1.0 1.0 -1.0 1.0 -1.0 -1.0 -1.0 -1.0 -1.0 -1.0 +1
-1.0 -1.0 1.0 -1.0 -1.0 -1.0 1.0 -1.0 1.0 -1.0 1.0 -1.0 -1.0 -1.0 -1.0 -1.0 -1.0 -1.0 -1.0 -1.0 1.0 -1.0 1.0 -1.0 1.0 -1.0 1.0 -1.0 -1.0 -1.0 -1.0 -1.0 -1.0 +1
1.0 -1.0 1.0 -1.0 -1.0 -1.0 -1.0 -1.0 -1.0 -1.0 -1.0 -1.0 -1.0 -1.0 1.0 -1.0 1.0 -1.0 1.0 -1.0 1.0 -1.0 -1.0 -1.0 -1.0 -1.0 -1.0 -1.0 1.0 -1.0 -1.0 -1.0 -1.0 -1
1.0 -1.0 1.0 -1.0 -1.0 -1.0 1.0 -1.0 1.0 -1.0 -1.0 -1.0 -1.0 -1.0 -1.0 -1.0 -1.0 -1.0 -1.0 -1.0 1.0 -1.0 -1.0 -1.0 1.0 -1.0 1.0 -1.0 1.0 -1.0 -1.0 -1.0 -1.0 +1
1.0 -1.0 1.0 -1.0 1.0 -1.0 -1.0 -1.0 -1.0 -1.0 -1.0 -1.0 1.0 -1.0 1.0 -1.0 1.0 -1.0 -1.0 -1.0 1.0 -1.0 -1.0 -1.0 1.0 -1.0 -1.0 -1.0 1.0 -1.0 -1.0 -1.0 -1.0 -1
-1.0 -1.0 -1.0 1.0 1.0 -1.0 -1.0 -1.0 -1.0 -1.0 -1.0 -1.0 -1.0 -1.0 1.0 -1.0 1.0 -1.0 -1.0 -1.0 1.0 -1.0 -1.0 -1.0 -1.0 -1.0 -1.0 -1.0 1.0 -1.0 -1.0 -1.0 -1.0 -1
1.0 -1.0 1.0 -1.0 -1.0 -1.0 1.0 -1.0 1.0 -1.0 1.0 -1.0 -1.0 -1.0 -1.0 -1.0 -1.0 -1.0 1.0 -1.0 1.0 -1.0 -1.0 1.0 1.0 -1.0 1.0 -1.0 -1.0 -1.0 -1.0 -1.0 -1.0 +1
-1.0 -1.0 -1.0 -1.0 -1.0 -1.0 1.0 -1.0 1.0 -1.0 1.0 -1.0 -1.0 -1.0 -1.0 -1.0 -1.0 -1.0 -1.0 -1.0 -1.0 -1.0 1.0 -1.0 1.0 -1.0 1.0 -1.0 1.0 -1.0 -1.0 -1.0 -1.0 +1
1.0 -1.0 1.0 -1.0 -1.0 -1.0 1.0 -1.0 1.0 -1.0 -1.0 -1.0 -1.0 -1.0 -1.0 -1.0 -1.0 -1.0 1.0 -1.0 1.0 -1.0 1.0 -1.0 1.0 -1.0 1.0 -1.0 -1.0 -1.0 -1.0 -1.0 -1.0 +1
1.0 -1.0 -1.0 -1.0 1.0 -1.0 -1.0 -1.0 -1.0 -1.0 -1.0 -1.0 1.0 -1.0 1.0 -1.0 1.0 -1.0 -1.0 -1.0 1.0 -1.0 -1.0 -1.0 -1.0 -1.0 -1.0 -1.0 1.0 -1.0 -1.0 -1.0 -1.0 -1
1.0 -1.0 1.0 -1.0 -1.0 -1.0 1.0 -1.0 1.0 -1.0 1.0 -1.0 -1.0 -1.0 -1.0 -1.0 -1.0 -1.0 1.0 -1.0 -1.0 -1.0 1.0 -1.0 1.0 -1.0 1.0 -1.0 -1.0 -1.0 -1.0 -1.0 -1.0 +1
1.0 -1.0 -1.0 -1.0 -1.0 -1.0 1.0 -1.0 1.0 -1.0 -1.0 -1.0 1.0 -1.0 -1.0 -1.0 -1.0 -1.0 1.0 -1.0 -1.0 -1.0 1.0 -1.0 -1.0 -1.0 1.0 -1.0 -1.0 -1.0 -1.0 -1.0 -1.0 +1
-1.0 -1.0 -1.0 -1.0 1.0 -1.0 -1.0 -1.0 -1.0 -1.0 -1.0 -1.0 1.0 -1.0 1.0 -1.0 1.0 -1.0 -1.0 -1.0 1.0 -1.0 -1.0 -1.0 -1.0 -1.0 -1.0 -1.0 1.0 -1.0 -1.0 -1.0 -1.0 -1
1.0 -1.0 -1.0 -1.0 -1.0 -1.0 -1.0 -1.0 -1.0 -1.0 -1.0 -1.0 1.0 -1.0 1.0 -1.0 1.0 -1.0 -1.0 -1.0 -1.0 -1.0 -1.0 -1.0 -1.0 -1.0 -1.0 -1.0 -1.0 -1.0 -1.0 1.0 -1.0 +1
-1.0 -1.0 -1.0 -1.0 -1.0 -1.0 1.0 -1.0 -1.0 -1.0 -1.0 -1.0 1.0 -1.0 1.0 -1.0 -1.0 1.0 -1.0 -1.0 1.0 -1.0 1.0 -1.0 1.0 -1.0 -1.0 -1.0 -1.0 -1.0 -1.0 1.0 -1.0 +1
1.0 -1.0 -1.0 -1.0 1.0 -1.0 -1.0 -1.0 -1.0 -1.0 -1.0 -1.0 1.0 -1.0 1.0 -1.0 1.0 -1.0 -1.0 -1.0 1.0 -1.0 -1.0 -1.0 -1.0 -1.0 -1.0 -1.0 1.0 -1.0 1.0 -1.0 -1.0 -1
-1.0 -1.0 -1.0 1.0 -1.0 -1.0 1.0 -1.0 1.0 -1.0 1.0 -1.0 -1.0 -1.0 -1.0 -1.0 -1.0 -1.0 1.0 -1.0 -1.0 1.0 1.0 -1.0 1.0 -1.0 1.0 -1.0 -1.0 -1.0 -1.0 1.0 -1.0 +1
1.0 -1.0 -1.0 -1.0 -1.0 -1.0 1.0 -1.0 1.0 -1.0 1.0 -1.0 1.0 -1.0 -1.0 -1.0 -1.0 -1.0 1.0 -1.0 -1.0 -1.0 1.0 -1.0 1.0 -1.0 -1.0 -1.0 -1.0 -1.0 -1.0 -1.0 -1.0 +1
1.0 -1.0 1.0 -1.0 -1.0 -1.0 1.0 -1.0 1.0 -1.0 1.0 -1.0 -1.0 -1.0 -1.0 -1.0 -1.0 -1.0 1.0 -1.0 1.0 -1.0 1.0 -1.0 1.0 -1.0 1.0 -1.0 -1.0 -1.0 -1.0 1.0 -1.0 +1
1.0 -1.0 -1.0 -1.0 -1.0 -1.0 1.0 -1.0 -1.0 -1.0 -1.0 -1.0 1.0 -1.0 1.0 -1.0 1.0 -1.0 1.0 -1.0 -1.0 -1.0 1.0 -1.0 1.0 -1.0 1.0 -1.0 -1.0 -1.0 -1.0 1.0 -1.0 +1
-1.0 -1.0 1.0 -1.0 -1.0 -1.0 1.0 -1.0 1.0 -1.0 1.0 -1.0 -1.0 -1.0 -1.0 -1.0 -1.0 -1.0 1.0 -1.0 -1.0 -1.0 1.0 -1.0 1.0 -1.0 1.0 -1.0 -1.0 -1.0 -1.0 1.0 -1.0 +1
1.0 -1.0 1.0 -1.0 1.0 -1.0 -1.0 -1.0 -1.0 -1.0 1.0 -1.0 1.0 -1.0 1.0 -1.0 1.0 -1.0 1.0 -1.0 1.0 -1.0 -1.0 -1.0 -1.0 -1.0 -1.0 -1.0 1.0 -1.0 -1.0 -1.0 -1.0 -1
1.0 -1.0 -1.0 -1.0 1.0 -1.0 -1.0 -1.0 -1.0 -1.0 -1.0 -1.0 1.0 -1.0 1.0 -1.0 1.0 -1.0 -1.0 -1.0 1.0 -1.0 -1.0 1.0 -1.0 -1.0 -1.0 -1.0 1.0 -1.0 1.0 -1.0 -1.0 -1
1.0 -1.0 -1.0 1.0 1.0 -1.0 -1.0 -1.0 -1.0 -1.0 -1.0 -1.0 1.0 -1.0 1.0 -1.0 1.0 -1.0 1.0 -1.0 1.0 -1.0 -1.0 -1.0 -1.0 -1.0 -1.0 -1.0 1.0 -1.0 -1.0 -1.0 -1.0 -1
1.0 -1.0 1.0 -1.0 -1.0 -1.0 1.0 -1.0 1.0 -1.0 -1.0 -1.0 -1.0 -1.0 -1.0 -1.0 -1.0 -1.0 1.0 -1.0 -1.0 -1.0 1.0 -1.0 1.0 -1.0 -1.0 -1.0 -1.0 -1.0 -1.0 -1.0 -1.0 +1
-1.0 -1.0 1.0 -1.0 -1.0 -1.0 1.0 -1.0 1.0 -1.0 1.0 -1.0 -1.0 -1.0 -1.0 -1.0 -1.0 -1.0 1.0 -1.0 1.0 -1.0 1.0 -1.0 1.0 -1.0 1.0 -1.0 -1.0 1.0 -1.0 -1.0 -1.0 +1
1.0 -1.0 -1.0 -1.0 1.0 -1.0 -1.0 -1.0 -1.0 -1.0 -1.0 -1.0 1.0 -1.0 1.0 -1.0 1.0 -1.0 1.0 -1.0 1.0 -1.0 -1.0 -1.0 -1.0 -1.0 -1.0 1.0 1.0 -1.0 -1.0 -1.0 -1.0 -1
1.0 -1.0 -1.0 -1.0 -1.0 -1.0 -1.0 -1.0 -1.0 -1.0 -1.0 -1.0 -1.0 -1.0 1.0 -1.0 -1.0 -1.0 -1.0 -1.0 1.0 -1.0 -1.0 -1.0 -1.0 -1.0 -1.0 -1.0 1.0 -1.0 -1.0 -1.0 -1.0 -1
1.0 -1.0 -1.0 -1.0 1.0 -1.0 -1.0 -1.0 -1.0 -1.0 -1.0 -1.0 1.0 -1.0 1.0 -1.0 1.0 -1.0 1.0 -1.0 1.0 -1.0 -1.0 -1.0 -1.0 -1.0 -1.0 -1.0 1.0 -1.0 -1.0 -1.0 -1.0 -1
1.0 -1.0 -1.0 -1.0 1.0 -1.0 -1.0 -1.0 -1.0 -1.0 -1.0 -1.0 1.0 -1.0 1.0 -1.0 -1.0 -1.0 -1.0 -1.0 1.0 -1.0 -1.0 -1.0 -1.0 -1.0 -1.0 -1.0 1.0 -1.0 -1.0 -1.0 -1.0 -1
1.0 -1.0 -1.0 -1.0 -1.0 -1.0 1.0 -1.0 1.0 -1.0 1.0 -1.0 -1.0 -1.0 -1.0 -1.0 1.0 -1.0 1.0 -1.0 -1.0 -1.0 1.0 -1.0 1.0 -1.0 1.0 -1.0 -1.0 -1.0 -1.0 1.0 -1.0 +1
1.0 -1.0 -1.0 -1.0 1.0 -1.0 -1.0 -1.0 -1.0 -1.0 -1.0 -1.0 1.0 -1.0 1.0 -1.0 1.0 -1.0 -1.0 -1.0 1.0 -1.0 -1.0 -1.0 -1.0 -1.0 -1.0 -1.0 1.0 -1.0 -1.0 -1.0 -1.0 -1
1.0 -1.0 1.0 -1.0 -1.0 -1.0 1.0 -1.0 1.0 -1.0 -1.0 -1.0 -1.0 -1.0 -1.0 -1.0 -1.0 -1.0 -1.0 -1.0 1.0 -1.0 -1.0 -1.0 1.0 -1.0 -1.0 -1.0 -1.0 -1.0 -1.0 1.0 -1.0 +1
1.0 -1.0 1.0 -1.0 1.0 -1.0 -1.0 -1.0 -1.0 -1.0 -1.0 -1.0 1.0 -1.0 1.0 -1.0 1.0 -1.0 -1.0 -1.0 1.0 -1.0 -1.0 -1.0 1.0 -1.0 -1.0 -1.0 1.0 -1.0 -1.0 -1.0 -1.0 -1
1.0 -1.0 1.0 -1.0 -1.0 -1.0 1.0 -1.0 1.0 -1.0 1.0 -1.0 -1.0 -1.0 -1.0 -1.0 -1.0 -1.0 1.0 -1.0 1.0 -1.0 1.0 -1.0 1.0 -1.0 1.0 -1.0 -1.0 -1.0 -1.0 -1.0 -1.0 +1
-1.0 -1.0 1.0 -1.0 -1.0 -1.0 1.0 -1.0 1.0 -1.0 -1.0 -1.0 -1.0 -1.0 -1.0 -1.0 1.0 -1.0 1.0 -1.0 1.0 -1.0 -1.0 -1.0 -1.0 -1.0 1.0 -1.0 1.0 -1.0 -1.0 -1.0 -1.0 +1
-1.0 -1.0 -1.0 -1.0 -1.0 -1.0 1.0 -1.0 1.0 -1.0 1.0 -1.0 -1.0 -1.0 -1.0 -1.0 -1.0 1.0 -1.0 -1.0 1.0 -1.0 1.0 -1.0 1.0 -1.0 1.0 -1.0 -1.0 -1.0 -1.0 1.0 -1.0 +1
1.0 -1.0 1.0 -1.0 1.0 -1.0 -1.0 -1.0 -1.0 -1.0 -1.0 -1.0 -1.0 -1.0 1.0 -1.0 1.0 -1.0 -1.0 -1.0 1.0 -1.0 1.0 -1.0 1.0 -1.0 -1.0 -1.0 -1.0 -1.0 -1.0 -1.0 -1.0 -1
1.0 -1.0 1.0 -1.0 1.0 -1.0 -1.0 -1.0 1.0 -1.0 -1.0 -1.0 -1.0 -1.0 -1.0 1.0 -1.0 -1.0 1.0 -1.0 1.0 -1.0 -1.0 -1.0 -1.0 -1.0 -1.0 -1.0 1.0 -1.0 -1.0 -1.0 -1.0 -1
-1.0 -1.0 1.0 -1.0 -1.0 -1.0 1.0 -1.0 1.0 -1.0 1.0 -1.0 -1.0 -1.0 -1.0 -1.0 -1.0 -1.0 -1.0 -1.0 -1.0 -1.0 1.0 -1.0 1.0 -1.0 -1.0 -1.0 -1.0 -1.0 -1.0 -1.0 -1.0 +1
1.0 -1.0 1.0 -1.0 1.0 -1.0 1.0 -1.0 -1.0 -1.0 -1.0 -1.0 -1.0 -1.0 1.0 -1.0 1.0 -1.0 1.0 -1.0 1.0 -1.0 -1.0 1.0 1.0 -1.0 -1.0 -1.0 -1.0 -1.0 -1.0 -1.0 -1.0 -1
1.0 -1.0 -1.0 -1.0 -1.0 -1.0 1.0 -1.0 1.0 -1.0 1.0 -1.0 -1.0 -1.0 -1.0 -1.0 -1.0 1.0 -1.0 -1.0 1.0 -1.0 1.0 -1.0 -1.0 -1.0 1.0 -1.0 -1.0 -1.0 -1.0 -1.0 -1.0 +1
-1.0 -1.0 1.0 -1.0 -1.0 -1.0 1.0 -1.0 1.0 -1.0 1.0 -1.0 1.0 -1.0 -1.0 -1.0 -1.0 -1.0 -1.0 -1.0 1.0 -1.0 1.0 -1.0 1.0 -1.0 1.0 -1.0 -1.0 -1.0 -1.0 -1.0 -1.0 +1
-1.0 -1.0 1.0 -1.0 -1.0 -1.0 1.0 -1.0 1.0 -1.0 1.0 -1.0 -1.0 -1.0 -1.0 -1.0 -1.0 -1.0 -1.0 -1.0 -1.0 -1.0 1.0 -1.0 1.0 -1.0 1.0 -1.0 -1.0 -1.0 -1.0 -1.0 -1.0 +1
1.0 -1.0 1.0 -1.0 -1.0 -1.0 1.0 -1.0 -1.0 -1.0 1.0 -1.0 -1.0 -1.0 -1.0 -1.0 -1.0 -1.0 1.0 -1.0 1.0 -1.0 1.0 -1.0 1.0 -1.0 -1.0 -1.0 -1.0 1.0 -1.0 -1.0 -1.0 +1
1.0 -1.0 -1.0 -1.0 1.0 -1.0 -1.0 -1.0 -1.0 -1.0 -1.0 -1.0 -1.0 1.0 1.0 -1.0 1.0 -1.0 1.0 -1.0 1.0 -1.0 -1.0 1.0 -1.0 -1.0 -1.0 -1.0 1.0 -1.0 1.0 -1.0 -1.0 -1
-1.0 1.0 -1.0 1.0 -1.0 1.0 -1.0 1.0 -1.0 1.0 -1.0 1.0 -1.0 1.0 -1.0 1.0 -1.0 1.0 -1.0 1.0 -1.0 1.0 -1.0 1.0 -1.0 1.0 -1.0 1.0 -1.0 1.0 -1.0 1.0 -1.0 -1
-1.0 -1.0 1.0 -1.0 -1.0 -1.0 1.0 -1.0 1.0 -1.0 1.0 -1.0 -1.0 -1.0 -1.0 -1.0 -1.0 1.0 1.0 -1.0 -1.0 -1.0 1.0 -1.0 1.0 -1.0 1.0 -1.0 -1.0 -1.0 -1.0 -1.0 -1.0 +1
1.0 -1.0 -1.0 -1.0 1.0 -1.0 -1.0 -1.0 -1.0 -1.0 -1.0 -1.0 1.0 -1.0 1.0 -1.0 1.0 -1.0 1.0 -1.0 1.0 -1.0 -1.0 -1.0 -1.0 -1.0 -1.0 -1.0 1.0 -1.0 1.0 -1.0 -1.0 -1
1.0 -1.0 -1.0 -1.0 1.0 -1.0 -1.0 -1.0 -1.0 -1.0 -1.0 -1.0 1.0 -1.0 1.0 -1.0 1.0 -1.0 1.0 -1.0 1.0 -1.0 -1.0 -1.0 -1.0 -1.0 -1.0 -1.0 1.0 -1.0 1.0 -1.0 -1.0 -1
-1.0 -1.0 -1.0 -1.0 -1.0 -1.0 1.0 -1.0 1.0 -1.0 -1.0 -1.0 -1.0 -1.0 -1.0 -1.0 -1.0 -1.0 1.0 -1.0 1.0 -1.0 1.0 -1.0 1.0 -1.0 1.0 -1.0 -1.0 -1.0 -1.0 -1.0 -1.0 +1
1.0 -1.0 -1.0 -1.0 1.0 -1.0 -1.0 -1.0 -1.0 -1.0 -1.0 -1.0 1.0 -1.0 1.0 -1.0 1.0 -1.0 1.0 -1.0 1.0 -1.0 -1.0 -1.0 -1.0 -1.0 -1.0 -1.0 1.0 -1.0 -1.0 -1.0 -1.0 -1
-1.0 -1.0 1.0 -1.0 -1.0 -1.0 1.0 -1.0 1.0 -1.0 1.0 -1.0 -1.0 -1.0 -1.0 -1.0 -1.0 -1.0 -1.0 -1.0 1.0 -1.0 1.0 -1.0 1.0 -1.0 1.0 -1.0 1.0 -1.0 -1.0 -1.0 -1.0 +1
-1.0 -1.0 1.0 -1.0 -1.0 -1.0 1.0 -1.0 1.0 -1.0 1.0 -1.0 -1.0 -1.0 -1.0 -1.0 -1.0 -1.0 -1.0 -1.0 1.0 -1.0 1.0 -1.0 1.0 -1.0 -1.0 -1.0 -1.0 -1.0 -1.0 -1.0 -1.0 +1
1.0 -1.0 1.0 -1.0 1.0 -1.0 -1.0 -1.0 -1.0 -1.0 1.0 -1.0 1.0 -1.0 1.0 -1.0 1.0 -1.0 1.0 -1.0 1.0 -1.0 -1.0 -1.0 1.0 -1.0 -1.0 -1.0 1.0 -1.0 1.0 -1.0 -1.0 -1
1.0 -1.0 1.0 -1.0 1.0 -1.0 -1.0 -1.0 -1.0 -1.0 1.0 -1.0 1.0 -1.0 1.0 -1.0 1.0 -1.0 1.0 -1.0 1.0 -1.0 -1.0 -1.0 1.0 -1.0 -1.0 -1.0 -1.0 1.0 -1.0 -1.0 -1.0 -1
1.0 -1.0 1.0 -1.0 -1.0 -1.0 1.0 -1.0 1.0 -1.0 1.0 -1.0 -1.0 -1.0 -1.0 -1.0 -1.0 -1.0 1.0 -1.0 -1.0 -1.0 1.0 -1.0 1.0 -1.0 1.0 -1.0 -1.0 -1.0 -1.0 -1.0 -1.0 +1
-1.0 -1.0 1.0 -1.0 -1.0 -1.0 1.0 -1.0 1.0 -1.0 1.0 -1.0 -1.0 -1.0 -1.0 -1.0 -1.0 -1.0 1.0 -1.0 1.0 -1.0 1.0 -1.0 1.0 -1.0 1.0 -1.0 1.0 -1.0 -1.0 -1.0 -1.0 +1
-1.0 -1.0 1.0 -1.0 -1.0 -1.0 1.0 -1.0 1.0 -1.0 1.0 -1.0 -1.0 -1.0 -1.0 -1.0 -1.0 -1.0 -1.0 -1.0 1.0 -1.0 1.0 -1.0 1.0 -1.0 1.0 -1.0 1.0 -1.0 -1.0 -1.0 -1.0 +1
-1.0 -1.0 1.0 -1.0 -1.0 -1.0 1.0 -1.0 1.0 -1.0 -1.0 1.0 -1.0 -1.0 -1.0 -1.0 -1.0 -1.0 1.0 -1.0 -1.0 1.0 -1.0 1.0 1.0 -1.0 -1.0 1.0 -1.0 1.0 -1.0 1.0 -1.0 +1
-1.0 -1.0 1.0 -1.0 -1.0 -1.0 1.0 -1.0 1.0 -1.0 1.0 -1.0 -1.0 -1.0 -1.0 -1.0 -1.0 -1.0 -1.0 -1.0 1.0 -1.0 1.0 -1.0 -1.0 1.0 1.0 -1.0 -1.0 -1.0 -1.0 -1.0 -1.0 +1
-1.0 -1.0 1.0 -1.0 -1.0 -1.0 1.0 -1.0 1.0 -1.0 1.0 -1.0 -1.0 -1.0 -1.0 -1.0 -1.0 -1.0 1.0 -1.0 1.0 -1.0 1.0 -1.0 1.0 -1.0 1.0 -1.0 -1.0 -1.0 -1.0 1.0 -1.0 +1
-1.0 -1.0 1.0 -1.0 -1.0 -1.0 1.0 -1.0 1.0 -1.0 1.0 -1.0 -1.0 -1.0 -1.0 -1.0 -1.0 -1.0 1.0 -1.0 1.0 -1.0 1.0 -1.0 1.0 -1.0 1.0 -1.0 -1.0 -1.0 -1.0 1.0 -1.0 +1
-1.0 -1.0 1.0 -1.0 -1.0 -1.0 1.0 -1.0 1.0 -1.0 1.0 -1.0 -1.0 -1.0 -1.0 -1.0 -1.0 -1.0 -1.0 -1.0 1.0 -1.0 1.0 -1.0 1.0 -1.0 1.0 -1.0 1.0 -1.0 -1.0 -1.0 -1.0 +1
1.0 -1.0 1.0 -1.0 1.0 -1.0 -1.0 -1.0 -1.0 -1.0 -1.0 -1.0 1.0 -1.0 1.0 -1.0 1.0 -1.0 -1.0 -1.0 1.0 -1.0 -1.0 -1.0 1.0 -1.0 -1.0 -1.0 1.0 -1.0 -1.0 -1.0 -1.0 -1
-1.0 -1.0 1.0 -1.0 1.0 -1.0 1.0 -1.0 1.0 -1.0 1.0 -1.0 -1.0 -1.0 -1.0 -1.0 -1.0 -1.0 -1.0 -1.0 1.0 -1.0 1.0 -1.0 1.0 -1.0 -1.0 -1.0 1.0 -1.0 -1.0 -1.0 -1.0 -1
-1.0 -1.0 1.0 -1.0 -1.0 -1.0 1.0 -1.0 1.0 -1.0 1.0 -1.0 -1.0 -1.0 -1.0 -1.0 -1.0 -1.0 1.0 -1.0 1.0 -1.0 1.0 -1.0 1.0 -1.0 1.0 -1.0 -1.0 -1.0 -1.0 1.0 -1.0 +1
-1.0 -1.0 1.0 -1.0 -1.0 -1.0 1.0 -1.0 1.0 -1.0 1.0 -1.0 -1.0 -1.0 -1.0 -1.0 -1.0 -1.0 1.0 -1.0 1.0 -1.0 1.0 -1.0 1.0 -1.0 1.0 -1.0 1.0 -1.0 -1.0 -1.0 -1.0 +1
-1.0 -1.0 -1.0 -1.0 -1.0 -1.0 1.0 -1.0 1.0 -1.0 1.0 -1.0 -1.0 -1.0 -1.0 -1.0 -1.0 -1.0 1.0 -1.0 1.0 -1.0 1.0 -1.0 1.0 -1.0 1.0 -1.0 -1.0 -1.0 -1.0 -1.0 -1.0 +1
1.0 -1.0 -1.0 -1.0 -1.0 -1.0 1.0 -1.0 1.0 -1.0 -1.0 -1.0 -1.0 -1.0 -1.0 -1.0 -1.0 -1.0 1.0 -1.0 -1.0 1.0 1.0 -1.0 1.0 -1.0 1.0 -1.0 1.0 -1.0 -1.0 -1.0 -1.0 +1
-1.0 -1.0 1.0 -1.0 -1.0 -1.0 1.0 -1.0 1.0 -1.0 1.0 -1.0 -1.0 -1.0 -1.0 -1.0 -1.0 -1.0 -1.0 -1.0 1.0 -1.0 1.0 -1.0 1.0 -1.0 1.0 -1.0 -1.0 -1.0 -1.0 1.0 -1.0 +1
1.0 -1.0 1.0 -1.0 1.0 -1.0 -1.0 -1.0 -1.0 -1.0 1.0 -1.0 -1.0 -1.0 -1.0 -1.0 1.0 -1.0 -1.0 -1.0 1.0 -1.0 -1.0 -1.0 -1.0 -1.0 -1.0 -1.0 -1.0 1.0 -1.0 -1.0 -1.0 -1
-1.0 -1.0 1.0 -1.0 1.0 -1.0 -1.0 -1.0 -1.0 -1.0 1.0 -1.0 -1.0 -1.0 1.0 -1.0 1.0 -1.0 -1.0 -1.0 1.0 -1.0 1.0 -1.0 1.0 -1.0 -1.0 -1.0 -1.0 -1.0 -1.0 -1.0 -1.0 -1
1.0 -1.0 1.0 -1.0 -1.0 -1.0 1.0 -1.0 -1.0 -1.0 -1.0 -1.0 1.0 -1.0 1.0 -1.0 1.0 -1.0 1.0 -1.0 -1.0 1.0 1.0 -1.0 -1.0 -1.0 -1.0 -1.0 1.0 -1.0 1.0 -1.0 -1.0 +1
1.0 -1.0 1.0 -1.0 1.0 -1.0 -1.0 -1.0 -1.0 -1.0 -1.0 -1.0 1.0 -1.0 1.0 -1.0 1.0 -1.0 1.0 -1.0 1.0 -1.0 -1.0 -1.0 -1.0 -1.0 -1.0 -1.0 -1.0 -1.0 1.0 -1.0 -1.0 -1
1.0 -1.0 1.0 -1.0 -1.0 -1.0 -1.0 -1.0 -1.0 -1.0 -1.0 -1.0 -1.0 -1.0 -1.0 -1.0 1.0 -1.0 -1.0 -1.0 1.0 -1.0 1.0 -1.0 1.0 -1.0 -1.0 -1.0 1.0 -1.0 -1.0 -1.0 -1.0 -1
1.0 -1.0 1.0 -1.0 1.0 -1.0 -1.0 -1.0 -1.0 -1.0 -1.0 -1.0 1.0 -1.0 1.0 -1.0 1.0 -1.0 1.0 -1.0 1.0 -1.0 -1.0 -1.0 -1.0 -1.0 -1.0 -1.0 1.0 -1.0 -1.0 -1.0 -1.0 -1
1.0 -1.0 1.0 -1.0 1.0 -1.0 -1.0 -1.0 -1.0 -1.0 -1.0 -1.0 1.0 -1.0 1.0 -1.0 1.0 -1.0 -1.0 -1.0 1.0 -1.0 -1.0 -1.0 -1.0 -1.0 -1.0 -1.0 1.0 -1.0 1.0 -1.0 -1.0 -1
1.0 -1.0 1.0 -1.0 -1.0 -1.0 1.0 -1.0 1.0 -1.0 1.0 -1.0 -1.0 -1.0 -1.0 -1.0 -1.0 -1.0 -1.0 -1.0 1.0 -1.0 1.0 -1.0 1.0 -1.0 -1.0 -1.0 1.0 -1.0 -1.0 -1.0 -1.0 +1
-1.0 -1.0 1.0 -1.0 -1.0 -1.0 -1.0 -1.0 -1.0 -1.0 -1.0 -1.0 -1.0 -1.0 -1.0 -1.0 1.0 -1.0 1.0 -1.0 1.0 -1.0 1.0 -1.0 1.0 -1.0 -1.0 -1.0 1.0 -1.0 -1.0 1.0 -1.0 -1
-1.0 -1.0 1.0 -1.0 1.0 -1.0 -1.0 -1.0 -1.0 -1.0 -1.0 -1.0 1.0 -1.0 1.0 -1.0 1.0 -1.0 -1.0 -1.0 1.0 -1.0 -1.0 1.0 -1.0 -1.0 -1.0 -1.0 1.0 -1.0 1.0 -1.0 -1.0 -1
1.0 -1.0 1.0 -1.0 1.0 -1.0 -1.0 -1.0 -1.0 -1.0 -1.0 -1.0 1.0 -1.0 1.0 -1.0 1.0 -1.0 1.0 -1.0 1.0 -1.0 -1.0 -1.0 -1.0 -1.0 -1.0 -1.0 1.0 -1.0 -1.0 -1.0 -1.0 -1
1.0 -1.0 1.0 -1.0 -1.0 -1.0 1.0 -1.0 1.0 -1.0 -1.0 -1.0 -1.0 -1.0 -1.0 -1.0 -1.0 -1.0 -1.0 -1.0 -1.0 -1.0 1.0 -1.0 1.0 -1.0 1.0 -1.0 -1.0 1.0 -1.0 -1.0 -1.0 +1
1.0 -1.0 1.0 -1.0 -1.0 -1.0 1.0 -1.0 1.0 -1.0 -1.0 -1.0 -1.0 -1.0 -1.0 -1.0 -1.0 -1.0 -1.0 -1.0 -1.0 -1.0 1.0 -1.0 1.0 -1.0 1.0 -1.0 -1.0 -1.0 -1.0 -1.0 -1.0 +1
1.0 -1.0 1.0 -1.0 -1.0 -1.0 1.0 -1.0 1.0 -1.0 -1.0 -1.0 -1.0 1.0 -1.0 -1.0 -1.0 1.0 -1.0 -1.0 -1.0 -1.0 -1.0 -1.0 1.0 -1.0 -1.0 -1.0 -1.0 -1.0 -1.0 1.0 -1.0 +1
-1.0 -1.0 -1.0 -1.0 -1.0 -1.0 -1.0 1.0 1.0 -1.0 -1.0 -1.0 -1.0 -1.0 -1.0 -1.0 -1.0 -1.0 1.0 -1.0 -1.0 -1.0 1.0 -1.0 -1.0 -1.0 1.0 -1.0 -1.0 1.0 -1.0 -1.0 -1.0 +1
-1.0 -1.0 -1.0 -1.0 -1.0 -1.0 1.0 -1.0 -1.0 -1.0 -1.0 -1.0 1.0 -1.0 -1.0 -1.0 1.0 -1.0 -1.0 -1.0 -1.0 -1.0 1.0 -1.0 -1.0 -1.0 -1.0 -1.0 -1.0 -1.0 -1.0 -1.0 -1.0 +1
-1.0 -1.0 -1.0 -1.0 -1.0 -1.0 1.0 -1.0 -1.0 -1.0 -1.0 -1.0 1.0 -1.0 -1.0 -1.0 1.0 -1.0 -1.0 -1.0 -1.0 -1.0 1.0 -1.0 -1.0 -1.0 -1.0 -1.0 1.0 -1.0 -1.0 1.0 -1.0 +1
-1.0 -1.0 1.0 -1.0 -1.0 -1.0 1.0 -1.0 -1.0 1.0 -1.0 -1.0 -1.0 1.0 -1.0 -1.0 -1.0 -1.0 -1.0 -1.0 1.0 -1.0 1.0 -1.0 -1.0 -1.0 -1.0 -1.0 1.0 -1.0 -1.0 -1.0 -1.0 +1
-1.0 -1.0 1.0 -1.0 -1.0 -1.0 1.0 -1.0 1.0 -1.0 -1.0 -1.0 -1.0 -1.0 -1.0 -1.0 -1.0 -1.0 -1.0 -1.0 1.0 -1.0 -1.0 1.0 1.0 -1.0 -1.0 -1.0 1.0 -1.0 -1.0 -1.0 -1.0 +1
-1.0 -1.0 1.0 -1.0 -1.0 -1.0 1.0 -1.0 1.0 -1.0 -1.0 -1.0 -1.0 -1.0 -1.0 -1.0 1.0 -1.0 -1.0 -1.0 -1.0 -1.0 1.0 -1.0 -1.0 -1.0 -1.0 -1.0 -1.0 -1.0 -1.0 -1.0 -1.0 +1
-1.0 -1.0 -1.0 -1.0 -1.0 -1.0 1.0 -1.0 1.0 -1.0 -1.0 -1.0 -1.0 -1.0 -1.0 -1.0 -1.0 -1.0 -1.0 -1.0 -1.0 -1.0 1.0 -1.0 -1.0 -1.0 -1.0 -1.0 -1.0 -1.0 -1.0 -1.0 -1.0 +1
1.0 -1.0 -1.0 -1.0 -1.0 -1.0 1.0 -1.0 1.0 -1.0 -1.0 -1.0 -1.0 -1.0 -1.0 -1.0 1.0 -1.0 -1.0 -1.0 -1.0 -1.0 1.0 -1.0 -1.0 -1.0 -1.0 -1.0 1.0 -1.0 -1.0 1.0 -1.0 +1
1.0 -1.0 -1.0 -1.0 1.0 -1.0 -1.0 -1.0 -1.0 -1.0 -1.0 -1.0 -1.0 1.0 -1.0 1.0 1.0 -1.0 -1.0 -1.0 1.0 -1.0 -1.0 -1.0 -1.0 1.0 -1.0 1.0 -1.0 1.0 -1.0 1.0 -1.0 -1
1.0 -1.0 1.0 -1.0 -1.0 -1.0 -1.0 -1.0 -1.0 -1.0 -1.0 -1.0 1.0 -1.0 1.0 -1.0 1.0 -1.0 -1.0 -1.0 1.0 -1.0 -1.0 -1.0 -1.0 -1.0 -1.0 -1.0 -1.0 -1.0 -1.0 -1.0 -1.0 -1
-1.0 -1.0 -1.0 -1.0 -1.0 -1.0 1.0 -1.0 1.0 -1.0 -1.0 -1.0 -1.0 -1.0 -1.0 -1.0 -1.0 -1.0 -1.0 -1.0 1.0 -1.0 1.0 -1.0 -1.0 1.0 1.0 -1.0 -1.0 -1.0 -1.0 1.0 -1.0 +1
1.0 -1.0 -1.0 -1.0 1.0 -1.0 1.0 -1.0 1.0 -1.0 1.0 -1.0 -1.0 -1.0 -1.0 -1.0 -1.0 -1.0 -1.0 -1.0 -1.0 -1.0 1.0 -1.0 1.0 -1.0 1.0 -1.0 -1.0 -1.0 -1.0 -1.0 -1.0 +1
1.0 -1.0 -1.0 -1.0 -1.0 -1.0 1.0 -1.0 1.0 -1.0 -1.0 -1.0 -1.0 -1.0 -1.0 -1.0 -1.0 -1.0 -1.0 -1.0 1.0 -1.0 1.0 -1.0 -1.0 -1.0 -1.0 -1.0 -1.0 -1.0 -1.0 -1.0 -1.0 +1
1.0 -1.0 1.0 -1.0 1.0 -1.0 -1.0 -1.0 -1.0 -1.0 1.0 -1.0 -1.0 -1.0 -1.0 -1.0 -1.0 -1.0 -1.0 -1.0 1.0 -1.0 -1.0 -1.0 -1.0 -1.0 -1.0 -1.0 1.0 -1.0 -1.0 -1.0 -1.0 -1
1.0 -1.0 1.0 -1.0 -1.0 1.0 1.0 -1.0 1.0 -1.0 -1.0 -1.0 -1.0 -1.0 -1.0 -1.0 -1.0 -1.0 1.0 -1.0 1.0 -1.0 1.0 -1.0 1.0 -1.0 1.0 -1.0 -1.0 -1.0 -1.0 -1.0 -1.0 +1
1.0 -1.0 1.0 -1.0 1.0 -1.0 -1.0 -1.0 -1.0 -1.0 -1.0 -1.0 -1.0 -1.0 1.0 -1.0 1.0 -1.0 -1.0 -1.0 1.0 -1.0 -1.0 -1.0 -1.0 -1.0 -1.0 -1.0 1.0 -1.0 -1.0 -1.0 -1.0 -1
1.0 -1.0 1.0 -1.0 1.0 -1.0 -1.0 -1.0 -1.0 -1.0 -1.0 -1.0 1.0 -1.0 1.0 -1.0 1.0 -1.0 1.0 -1.0 1.0 -1.0 -1.0 -1.0 -1.0 -1.0 -1.0 -1.0 1.0 -1.0 1.0 -1.0 -1.0 -1
1.0 -1.0 -1.0 -1.0 1.0 -1.0 -1.0 -1.0 -1.0 -1.0 -1.0 -1.0 1.0 -1.0 1.0 -1.0 1.0 -1.0 -1.0 -1.0 1.0 -1.0 -1.0 -1.0 -1.0 -1.0 -1.0 -1.0 1.0 -1.0 -1.0 1.0 -1.0 -1
1.0 -1.0 1.0 -1.0 1.0 -1.0 -1.0 -1.0 -1.0 -1.0 -1.0 -1.0 1.0 -1.0 1.0 -1.0 1.0 -1.0 -1.0 -1.0 1.0 -1.0 -1.0 -1.0 -1.0 -1.0 -1.0 -1.0 1.0 -1.0 1.0 -1.0 -1.0 -1
1.0 -1.0 1.0 -1.0 1.0 -1.0 -1.0 -1.0 -1.0 -1.0 -1.0 -1.0 1.0 -1.0 1.0 -1.0 1.0 -1.0 1.0 -1.0 1.0 -1.0 -1.0 -1.0 -1.0 -1.0 -1.0 -1.0 1.0 -1.0 1.0 -1.0 -1.0 -1
-1.0 -1.0 1.0 -1.0 -1.0 -1.0 1.0 -1.0 1.0 -1.0 -1.0 -1.0 -1.0 -1.0 -1.0 -1.0 -1.0 -1.0 1.0 -1.0 1.0 -1.0 1.0 -1.0 1.0 -1.0 -1.0 -1.0 1.0 -1.0 -1.0 1.0 -1.0 +1
1.0 -1.0 1.0 -1.0 1.0 -1.0 -1.0 -1.0 -1.0 -1.0 -1.0 -1.0 1.0 -1.0 1.0 -1.0 1.0 -1.0 -1.0 -1.0 1.0 -1.0 -1.0 -1.0 -1.0 -1.0 -1.0 -1.0 1.0 -1.0 1.0 -1.0 -1.0 -1
-1.0 -1.0 1.0 -1.0 1.0 -1.0 1.0 -1.0 1.0 -1.0 -1.0 -1.0 -1.0 -1.0 -1.0 -1.0 -1.0 -1.0 -1.0 -1.0 1.0 -1.0 1.0 -1.0 1.0 -1.0 -1.0 -1.0 -1.0 -1.0 -1.0 -1.0 -1.0 +1
1.0 -1.0 1.0 -1.0 1.0 -1.0 -1.0 -1.0 -1.0 -1.0 -1.0 -1.0 1.0 -1.0 1.0 -1.0 1.0 -1.0 -1.0 -1.0 1.0 -1.0 -1.0 -1.0 -1.0 -1.0 -1.0 -1.0 -1.0 -1.0 1.0 -1.0 -1.0 -1
1.0 -1.0 1.0 -1.0 -1.0 -1.0 1.0 -1.0 1.0 -1.0 -1.0 -1.0 -1.0 -1.0 -1.0 -1.0 -1.0 -1.0 -1.0 -1.0 1.0 -1.0 1.0 -1.0 -1.0 -1.0 1.0 -1.0 1.0 -1.0 -1.0 -1.0 -1.0 +1
-1.0 -1.0 -1.0 -1.0 -1.0 -1.0 1.0 -1.0 1.0 -1.0 1.0 -1.0 -1.0 -1.0 -1.0 -1.0 -1.0 -1.0 -1.0 -1.0 1.0 -1.0 1.0 -1.0 1.0 -1.0 1.0 -1.0 -1.0 -1.0 -1.0 -1.0 -1.0 +1
1.0 -1.0 -1.0 -1.0 -1.0 -1.0 -1.0 -1.0 -1.0 -1.0 -1.0 -1.0 1.0 -1.0 1.0 -1.0 1.0 -1.0 -1.0 -1.0 1.0 -1.0 -1.0 -1.0 -1.0 -1.0 -1.0 -1.0 1.0 -1.0 -1.0 -1.0 -1.0 -1
1.0 -1.0 -1.0 -1.0 1.0 -1.0 -1.0 -1.0 -1.0 -1.0 -1.0 -1.0 -1.0 -1.0 -1.0 -1.0 1.0 -1.0 1.0 -1.0 -1.0 -1.0 -1.0 -1.0 -1.0 -1.0 -1.0 -1.0 -1.0 -1.0 -1.0 -1.0 -1.0 -1
1.0 -1.0 -1.0 -1.0 -1.0 -1.0 -1.0 -1.0 -1.0 -1.0 -1.0 -1.0 -1.0 -1.0 -1.0 1.0 1.0 -1.0 1.0 -1.0 1.0 -1.0 1.0 -1.0 -1.0 1.0 -1.0 1.0 -1.0 -1.0 -1.0 1.0 -1.0 -1
1.0 -1.0 1.0 -1.0 1.0 -1.0 1.0 -1.0 1.0 -1.0 -1.0 -1.0 1.0 -1.0 -1.0 -1.0 -1.0 -1.0 1.0 -1.0 -1.0 -1.0 -1.0 -1.0 -1.0 -1.0 -1.0 -1.0 -1.0 -1.0 1.0 -1.0 -1.0 +1
-1.0 -1.0 1.0 -1.0 1.0 -1.0 1.0 -1.0 1.0 -1.0 1.0 -1.0 -1.0 -1.0 -1.0 -1.0 -1.0 -1.0 -1.0 -1.0 1.0 -1.0 1.0 -1.0 1.0 -1.0 1.0 -1.0 -1.0 -1.0 -1.0 -1.0 -1.0 +1
1.0 -1.0 1.0 -1.0 -1.0 -1.0 1.0 -1.0 1.0 -1.0 1.0 -1.0 -1.0 -1.0 -1.0 -1.0 -1.0 -1.0 1.0 -1.0 1.0 -1.0 1.0 -1.0 1.0 -1.0 1.0 -1.0 -1.0 -1.0 -1.0 1.0 -1.0 +1
-1.0 -1.0 1.0 -1.0 -1.0 -1.0 1.0 -1.0 1.0 -1.0 1.0 -1.0 -1.0 -1.0 -1.0 -1.0 -1.0 -1.0 1.0 -1.0 1.0 -1.0 1.0 -1.0 1.0 -1.0 1.0 -1.0 -1.0 -1.0 -1.0 1.0 -1.0 +1
1.0 -1.0 -1.0 -1.0 -1.0 -1.0 1.0 -1.0 1.0 -1.0 -1.0 -1.0 1.0 -1.0 -1.0 -1.0 -1.0 -1.0 -1.0 -1.0 1.0 -1.0 1.0 -1.0 -1.0 -1.0 -1.0 -1.0 1.0 -1.0 -1.0 -1.0 -1.0 +1
-1.0 -1.0 -1.0 -1.0 -1.0 -1.0 1.0 -1.0 1.0 -1.0 1.0 -1.0 -1.0 -1.0 -1.0 -1.0 -1.0 -1.0 -1.0 -1.0 1.0 -1.0 1.0 -1.0 -1.0 -1.0 1.0 -1.0 1.0 -1.0 -1.0 -1.0 -1.0 +1
-1.0 -1.0 -1.0 -1.0 -1.0 -1.0 1.0 -1.0 -1.0 1.0 -1.0 -1.0 1.0 -1.0 -1.0 1.0 1.0 -1.0 1.0 -1.0 -1.0 -1.0 1.0 -1.0 -1.0 -1.0 -1.0 -1.0 1.0 -1.0 -1.0 1.0 -1.0 +1
-1.0 -1.0 -1.0 -1.0 -1.0 -1.0 1.0 -1.0 -1.0 -1.0 -1.0 -1.0 1.0 -1.0 -1.0 -1.0 -1.0 1.0 -1.0 -1.0 1.0 -1.0 1.0 -1.0 -1.0 -1.0 -1.0 -1.0 1.0 -1.0 -1.0 1.0 -1.0 +1
1.0 -1.0 -1.0 -1.0 1.0 -1.0 -1.0 -1.0 -1.0 -1.0 -1.0 -1.0 1.0 -1.0 1.0 -1.0 1.0 -1.0 1.0 -1.0 -1.0 -1.0 -1.0 -1.0 -1.0 -1.0 -1.0 -1.0 1.0 -1.0 1.0 -1.0 -1.0 -1
1.0 -1.0 -1.0 -1.0 1.0 -1.0 1.0 -1.0 -1.0 -1.0 -1.0 -1.0 1.0 -1.0 1.0 -1.0 -1.0 1.0 1.0 -1.0 1.0 -1.0 -1.0 -1.0 -1.0 -1.0 -1.0 -1.0 1.0 -1.0 -1.0 -1.0 -1.0 +1
-1.0 -1.0 -1.0 -1.0 1.0 -1.0 -1.0 -1.0 1.0 -1.0 1.0 -1.0 -1.0 -1.0 -1.0 -1.0 -1.0 -1.0 1.0 -1.0 -1.0 -1.0 1.0 -1.0 1.0 -1.0 -1.0 -1.0 1.0 -1.0 -1.0 -1.0 -1.0 +1
1.0 -1.0 -1.0 -1.0 1.0 -1.0 -1.0 -1.0 -1.0 -1.0 -1.0 -1.0 1.0 -1.0 1.0 -1.0 1.0 -1.0 1.0 -1.0 1.0 -1.0 -1.0 -1.0 -1.0 -1.0 -1.0 -1.0 1.0 -1.0 -1.0 -1.0 -1.0 -1
-1.0 -1.0 -1.0 -1.0 -1.0 -1.0 1.0 -1.0 1.0 -1.0 1.0 -1.0 -1.0 -1.0 -1.0 -1.0 -1.0 -1.0 1.0 -1.0 -1.0 -1.0 1.0 -1.0 1.0 -1.0 1.0 -1.0 1.0 -1.0 -1.0 -1.0 -1.0 +1
-1.0 -1.0 -1.0 1.0 -1.0 -1.0 1.0 -1.0 1.0 -1.0 -1.0 -1.0 -1.0 -1.0 -1.0 -1.0 -1.0 -1.0 -1.0 -1.0 1.0 -1.0 1.0 -1.0 1.0 -1.0 1.0 -1.0 -1.0 -1.0 -1.0 1.0 -1.0 +1
1.0 -1.0 -1.0 -1.0 1.0 -1.0 -1.0 -1.0 -1.0 -1.0 -1.0 -1.0 1.0 -1.0 1.0 -1.0 1.0 -1.0 -1.0 -1.0 1.0 -1.0 -1.0 -1.0 -1.0 -1.0 -1.0 -1.0 1.0 -1.0 1.0 -1.0 -1.0 -1
-1.0 -1.0 -1.0 1.0 -1.0 -1.0 1.0 -1.0 1.0 -1.0 1.0 -1.0 -1.0 -1.0 -1.0 -1.0 -1.0 -1.0 1.0 -1.0 1.0 -1.0 1.0 -1.0 1.0 -1.0 1.0 -1.0 -1.0 -1.0 -1.0 1.0 -1.0 +1
-1.0 -1.0 1.0 -1.0 -1.0 -1.0 1.0 -1.0 1.0 -1.0 1.0 -1.0 -1.0 -1.0 -1.0 -1.0 -1.0 -1.0 1.0 -1.0 -1.0 -1.0 1.0 -1.0 1.0 -1.0 1.0 -1.0 -1.0 -1.0 -1.0 1.0 -1.0 +1
1.0 -1.0 1.0 -1.0 -1.0 -1.0 1.0 -1.0 1.0 -1.0 1.0 -1.0 -1.0 -1.0 -1.0 -1.0 -1.0 -1.0 1.0 -1.0 1.0 -1.0 1.0 -1.0 1.0 -1.0 1.0 -1.0 -1.0 -1.0 -1.0 -1.0 -1.0 +1
1.0 -1.0 -1.0 -1.0 -1.0 -1.0 1.0 -1.0 1.0 -1.0 -1.0 -1.0 -1.0 -1.0 -1.0 -1.0 -1.0 1.0 1.0 -1.0 -1.0 -1.0 -1.0 -1.0 1.0 -1.0 1.0 -1.0 -1.0 -1.0 -1.0 -1.0 -1.0 +1
1.0 -1.0 1.0 -1.0 1.0 -1.0 -1.0 -1.0 -1.0 -1.0 -1.0 -1.0 1.0 -1.0 1.0 -1.0 1.0 -1.0 -1.0 -1.0 -1.0 -1.0 -1.0 -1.0 -1.0 -1.0 -1.0 -1.0 1.0 -1.0 -1.0 1.0 -1.0 -1
1.0 -1.0 1.0 -1.0 -1.0 -1.0 1.0 -1.0 1.0 -1.0 -1.0 -1.0 -1.0 -1.0 -1.0 -1.0 1.0 -1.0 1.0 -1.0 -1.0 -1.0 1.0 -1.0 1.0 -1.0 -1.0 -1.0 -1.0 1.0 -1.0 -1.0 -1.0 +1
-1.0 -1.0 1.0 -1.0 -1.0 -1.0 1.0 -1.0 1.0 -1.0 1.0 -1.0 -1.0 -1.0 -1.0 -1.0 -1.0 -1.0 1.0 -1.0 1.0 -1.0 1.0 -1.0 1.0 -1.0 1.0 -1.0 -1.0 -1.0 -1.0 -1.0 -1.0 +1
-1.0 -1.0 1.0 -1.0 -1.0 -1.0 1.0 -1.0 1.0 -1.0 1.0 -1.0 -1.0 -1.0 -1.0 -1.0 -1.0 -1.0 -1.0 -1.0 1.0 -1.0 1.0 -1.0 1.0 -1.0 -1.0 -1.0 -1.0 -1.0 -1.0 -1.0 -1.0 +1
-1.0 -1.0 1.0 -1.0 1.0 -1.0 -1.0 -1.0 -1.0 -1.0 -1.0 -1.0 1.0 -1.0 1.0 -1.0 1.0 -1.0 1.0 -1.0 -1.0 -1.0 -1.0 -1.0 -1.0 -1.0 -1.0 -1.0 1.0 -1.0 1.0 -1.0 -1.0 -1
1.0 -1.0 1.0 -1.0 1.0 -1.0 -1.0 -1.0 -1.0 -1.0 -1.0 -1.0 1.0 -1.0 1.0 -1.0 1.0 -1.0 -1.0 -1.0 -1.0 -1.0 -1.0 -1.0 1.0 -1.0 -1.0 -1.0 1.0 -1.0 -1.0 -1.0 -1.0 -1
1.0 -1.0 -1.0 1.0 -1.0 -1.0 -1.0 1.0 1.0 -1.0 -1.0 -1.0 -1.0 -1.0 -1.0 -1.0 -1.0 -1.0 -1.0 -1.0 -1.0 -1.0 1.0 -1.0 -1.0 1.0 -1.0 1.0 -1.0 -1.0 -1.0 -1.0 -1.0 +1
1.0 -1.0 -1.0 -1.0 -1.0 -1.0 1.0 -1.0 -1.0 -1.0 -1.0 1.0 -1.0 -1.0 1.0 -1.0 1.0 -1.0 -1.0 -1.0 -1.0 -1.0 1.0 -1.0 -1.0 -1.0 1.0 -1.0 -1.0 -1.0 -1.0 -1.0 -1.0 +1
1.0 -1.0 1.0 -1.0 1.0 -1.0 -1.0 -1.0 -1.0 -1.0 1.0 -1.0 -1.0 -1.0 1.0 -1.0 -1.0 -1.0 -1.0 -1.0 1.0 -1.0 1.0 -1.0 1.0 -1.0 -1.0 -1.0 1.0 -1.0 -1.0 -1.0 -1.0 -1
1.0 -1.0 1.0 -1.0 -1.0 -1.0 1.0 -1.0 1.0 -1.0 1.0 -1.0 -1.0 -1.0 -1.0 -1.0 -1.0 -1.0 -1.0 -1.0 -1.0 -1.0 1.0 -1.0 1.0 -1.0 1.0 -1.0 -1.0 -1.0 -1.0 -1.0 -1.0 +1
1.0 -1.0 1.0 -1.0 1.0 -1.0 -1.0 -1.0 -1.0 -1.0 -1.0 -1.0 -1.0 -1.0 1.0 -1.0 1.0 -1.0 -1.0 -1.0 1.0 -1.0 -1.0 -1.0 1.0 -1.0 -1.0 -1.0 -1.0 -1.0 -1.0 -1.0 -1.0 -1
1.0 -1.0 1.0 -1.0 1.0 -1.0 -1.0 -1.0 -1.0 -1.0 -1.0 -1.0 1.0 -1.0 1.0 -1.0 1.0 -1.0 -1.0 -1.0 1.0 -1.0 -1.0 -1.0 -1.0 -1.0 -1.0 -1.0 1.0 -1.0 -1.0 -1.0 -1.0 -1
-1.0 -1.0 1.0 -1.0 1.0 -1.0 -1.0 -1.0 -1.0 -1.0 -1.0 -1.0 1.0 -1.0 1.0 -1.0 1.0 -1.0 -1.0 -1.0 1.0 -1.0 -1.0 -1.0 -1.0 -1.0 -1.0 -1.0 1.0 -1.0 1.0 -1.0 -1.0 -1
-1.0 -1.0 1.0 -1.0 -1.0 -1.0 1.0 -1.0 1.0 -1.0 1.0 -1.0 -1.0 -1.0 -1.0 -1.0 -1.0 -1.0 -1.0 -1.0 1.0 -1.0 -1.0 -1.0 1.0 -1.0 1.0 -1.0 -1.0 -1.0 -1.0 1.0 -1.0 +1
1.0 -1.0 -1.0 -1.0 -1.0 -1.0 -1.0 -1.0 -1.0 -1.0 -1.0 -1.0 -1.0 -1.0 -1.0 -1.0 -1.0 -1.0 1.0 -1.0 1.0 -1.0 -1.0 -1.0 -1.0 -1.0 -1.0 -1.0 1.0 -1.0 -1.0 -1.0 -1.0 -1
1.0 -1.0 -1.0 -1.0 1.0 -1.0 1.0 -1.0 1.0 -1.0 -1.0 -1.0 -1.0 -1.0 1.0 -1.0 -1.0 -1.0 1.0 -1.0 -1.0 -1.0 1.0 -1.0 1.0 -1.0 1.0 -1.0 -1.0 -1.0 -1.0 -1.0 -1.0 +1
1.0 -1.0 1.0 -1.0 -1.0 -1.0 -1.0 -1.0 -1.0 -1.0 -1.0 -1.0 -1.0 -1.0 -1.0 -1.0 -1.0 -1.0 -1.0 -1.0 1.0 -1.0 -1.0 -1.0 -1.0 -1.0 -1.0 -1.0 -1.0 -1.0 -1.0 -1.0 -1.0 -1
1.0 -1.0 -1.0 -1.0 1.0 -1.0 -1.0 -1.0 1.0 -1.0 -1.0 -1.0 -1.0 -1.0 -1.0 -1.0 -1.0 -1.0 1.0 -1.0 -1.0 -1.0 1.0 -1.0 -1.0 -1.0 1.0 -1.0 -1.0 -1.0 -1.0 1.0 -1.0 +1
1.0 -1.0 1.0 -1.0 -1.0 -1.0 -1.0 -1.0 -1.0 -1.0 -1.0 -1.0 -1.0 -1.0 1.0 -1.0 1.0 -1.0 -1.0 -1.0 -1.0 -1.0 -1.0 -1.0 -1.0 -1.0 -1.0 -1.0 1.0 -1.0 -1.0 -1.0 -1.0 -1
1.0 -1.0 -1.0 -1.0 -1.0 -1.0 1.0 -1.0 1.0 -1.0 -1.0 -1.0 -1.0 -1.0 -1.0 -1.0 -1.0 -1.0 -1.0 -1.0 1.0 -1.0 -1.0 1.0 1.0 -1.0 1.0 -1.0 -1.0 -1.0 -1.0 -1.0 -1.0 +1
-1.0 -1.0 1.0 -1.0 -1.0 -1.0 -1.0 -1.0 1.0 -1.0 1.0 -1.0 1.0 -1.0 -1.0 -1.0 -1.0 -1.0 -1.0 -1.0 1.0 -1.0 1.0 -1.0 1.0 -1.0 -1.0 -1.0 -1.0 -1.0 -1.0 -1.0 -1.0 -1
1.0 -1.0 1.0 -1.0 1.0 -1.0 -1.0 -1.0 -1.0 -1.0 -1.0 -1.0 1.0 -1.0 1.0 -1.0 1.0 -1.0 1.0 -1.0 1.0 -1.0 -1.0 -1.0 -1.0 -1.0 -1.0 -1.0 1.0 -1.0 1.0 -1.0 -1.0 -1
1.0 -1.0 1.0 -1.0 1.0 -1.0 -1.0 -1.0 -1.0 -1.0 -1.0 -1.0 1.0 -1.0 1.0 -1.0 1.0 -1.0 1.0 -1.0 1.0 -1.0 -1.0 -1.0 -1.0 -1.0 -1.0 -1.0 1.0 -1.0 1.0 -1.0 -1.0 -1
-1.0 -1.0 -1.0 -1.0 -1.0 -1.0 1.0 -1.0 1.0 -1.0 -1.0 -1.0 -1.0 -1.0 -1.0 -1.0 -1.0 -1.0 -1.0 -1.0 -1.0 -1.0 -1.0 -1.0 -1.0 -1.0 -1.0 -1.0 1.0 -1.0 -1.0 1.0 -1.0 +1
1.0 -1.0 1.0 -1.0 1.0 -1.0 -1.0 -1.0 -1.0 -1.0 -1.0 -1.0 1.0 -1.0 1.0 -1.0 1.0 -1.0 -1.0 -1.0 -1.0 1.0 -1.0 -1.0 -1.0 -1.0 -1.0 -1.0 1.0 -1.0 -1.0 -1.0 -1.0 -1
-1.0 -1.0 1.0 -1.0 -1.0 -1.0 1.0 -1.0 1.0 -1.0 -1.0 -1.0 -1.0 -1.0 -1.0 -1.0 -1.0 -1.0 -1.0 -1.0 1.0 -1.0 1.0 -1.0 -1.0 -1.0 1.0 -1.0 1.0 -1.0 -1.0 -1.0 -1.0 +1
-1.0 -1.0 1.0 -1.0 -1.0 -1.0 1.0 -1.0 -1.0 -1.0 -1.0 -1.0 -1.0 -1.0 1.0 -1.0 -1.0 -1.0 -1.0 -1.0 1.0 -1.0 1.0 -1.0 -1.0 -1.0 -1.0 -1.0 1.0 -1.0 -1.0 1.0 -1.0 +1
-1.0 -1.0 -1.0 -1.0 -1.0 -1.0 1.0 -1.0 1.0 -1.0 -1.0 -1.0 -1.0 -1.0 -1.0 -1.0 -1.0 -1.0 -1.0 -1.0 -1.0 -1.0 -1.0 -1.0 -1.0 -1.0 1.0 -1.0 1.0 -1.0 -1.0 -1.0 -1.0 +1
-1.0 -1.0 -1.0 -1.0 1.0 -1.0 -1.0 -1.0 -1.0 -1.0 -1.0 -1.0 1.0 -1.0 1.0 -1.0 1.0 -1.0 -1.0 -1.0 -1.0 -1.0 1.0 -1.0 -1.0 -1.0 1.0 -1.0 1.0 -1.0 1.0 -1.0 -1.0 -1
-1.0 -1.0 -1.0 -1.0 1.0 -1.0 -1.0 -1.0 -1.0 -1.0 -1.0 -1.0 1.0 -1.0 1.0 -1.0 1.0 -1.0 1.0 -1.0 -1.0 -1.0 1.0 -1.0 -1.0 -1.0 -1.0 -1.0 1.0 -1.0 -1.0 -1.0 -1.0 -1
1.0 -1.0 -1.0 -1.0 1.0 -1.0 1.0 -1.0 -1.0 -1.0 -1.0 -1.0 1.0 -1.0 1.0 -1.0 1.0 -1.0 -1.0 -1.0 -1.0 -1.0 1.0 -1.0 -1.0 -1.0 -1.0 -1.0 1.0 -1.0 1.0 -1.0 -1.0 +1
-1.0 -1.0 1.0 -1.0 -1.0 -1.0 1.0 -1.0 1.0 -1.0 1.0 -1.0 -1.0 -1.0 -1.0 -1.0 1.0 -1.0 -1.0 -1.0 -1.0 -1.0 1.0 -1.0 1.0 -1.0 1.0 -1.0 1.0 -1.0 -1.0 1.0 -1.0 +1
-1.0 -1.0 -1.0 -1.0 -1.0 -1.0 1.0 -1.0 -1.0 -1.0 -1.0 -1.0 -1.0 -1.0 -1.0 -1.0 1.0 -1.0 -1.0 -1.0 -1.0 -1.0 1.0 -1.0 1.0 -1.0 1.0 -1.0 -1.0 -1.0 -1.0 1.0 -1.0 +1
1.0 -1.0 -1.0 -1.0 -1.0 -1.0 1.0 -1.0 1.0 -1.0 -1.0 -1.0 -1.0 -1.0 -1.0 -1.0 1.0 -1.0 -1.0 -1.0 1.0 -1.0 1.0 -1.0 1.0 -1.0 1.0 -1.0 -1.0 -1.0 -1.0 -1.0 -1.0 +1
1.0 -1.0 -1.0 -1.0 1.0 -1.0 -1.0 -1.0 -1.0 -1.0 -1.0 -1.0 1.0 -1.0 1.0 -1.0 1.0 -1.0 1.0 -1.0 1.0 -1.0 1.0 -1.0 -1.0 -1.0 -1.0 -1.0 1.0 -1.0 -1.0 -1.0 -1.0 -1
-1.0 -1.0 -1.0 -1.0 -1.0 -1.0 1.0 -1.0 -1.0 1.0 -1.0 -1.0 -1.0 -1.0 -1.0 -1.0 1.0 -1.0 -1.0 -1.0 -1.0 1.0 -1.0 1.0 1.0 -1.0 1.0 -1.0 -1.0 -1.0 -1.0 -1.0 -1.0 +1
-1.0 -1.0 -1.0 -1.0 -1.0 -1.0 1.0 -1.0 -1.0 1.0 1.0 -1.0 -1.0 -1.0 -1.0 -1.0 -1.0 -1.0 -1.0 -1.0 1.0 -1.0 1.0 -1.0 1.0 -1.0 1.0 -1.0 -1.0 -1.0 -1.0 1.0 -1.0 +1
1.0 -1.0 -1.0 -1.0 -1.0 -1.0 -1.0 -1.0 -1.0 -1.0 -1.0 -1.0 1.0 -1.0 1.0 -1.0 1.0 -1.0 1.0 -1.0 -1.0 -1.0 -1.0 -1.0 -1.0 1.0 -1.0 -1.0 1.0 -1.0 1.0 -1.0 -1.0 +1
1.0 -1.0 -1.0 -1.0 -1.0 -1.0 -1.0 1.0 -1.0 -1.0 -1.0 -1.0 1.0 -1.0 -1.0 -1.0 1.0 -1.0 -1.0 -1.0 -1.0 1.0 1.0 -1.0 -1.0 -1.0 -1.0 -1.0 -1.0 1.0 -1.0 -1.0 -1.0 +1
1.0 -1.0 -1.0 -1.0 1.0 -1.0 -1.0 -1.0 -1.0 -1.0 -1.0 -1.0 1.0 -1.0 1.0 -1.0 1.0 -1.0 1.0 -1.0 1.0 -1.0 -1.0 -1.0 -1.0 -1.0 -1.0 -1.0 1.0 -1.0 -1.0 -1.0 -1.0 -1
1.0 -1.0 -1.0 -1.0 1.0 -1.0 -1.0 -1.0 -1.0 -1.0 -1.0 -1.0 1.0 -1.0 1.0 -1.0 1.0 -1.0 1.0 -1.0 -1.0 -1.0 -1.0 -1.0 1.0 -1.0 -1.0 -1.0 1.0 -1.0 1.0 -1.0 -1.0 +1
-1.0 -1.0 -1.0 1.0 -1.0 -1.0 1.0 -1.0 1.0 -1.0 1.0 -1.0 -1.0 -1.0 -1.0 -1.0 -1.0 -1.0 1.0 -1.0 -1.0 -1.0 1.0 -1.0 1.0 -1.0 1.0 -1.0 -1.0 -1.0 -1.0 -1.0 -1.0 +1
1.0 -1.0 -1.0 -1.0 1.0 -1.0 -1.0 -1.0 -1.0 -1.0 -1.0 -1.0 -1.0 1.0 -1.0 1.0 1.0 -1.0 1.0 -1.0 -1.0 1.0 -1.0 1.0 -1.0 -1.0 -1.0 1.0 -1.0 1.0 -1.0 1.0 -1.0 -1
1.0 -1.0 1.0 -1.0 1.0 -1.0 -1.0 -1.0 -1.0 -1.0 -1.0 -1.0 1.0 -1.0 1.0 -1.0 1.0 -1.0 1.0 -1.0 1.0 -1.0 -1.0 -1.0 -1.0 -1.0 -1.0 -1.0 1.0 -1.0 -1.0 -1.0 -1.0 -1
1.0 -1.0 1.0 -1.0 1.0 -1.0 -1.0 -1.0 -1.0 -1.0 -1.0 -1.0 1.0 -1.0 1.0 -1.0 1.0 -1.0 1.0 -1.0 1.0 -1.0 -1.0 -1.0 -1.0 -1.0 -1.0 -1.0 1.0 -1.0 -1.0 -1.0 -1.0 -1
-1.0 -1.0 -1.0 -1.0 -1.0 -1.0 1.0 -1.0 1.0 -1.0 -1.0 -1.0 -1.0 1.0 -1.0 -1.0 -1.0 -1.0 1.0 -1.0 -1.0 -1.0 1.0 -1.0 -1.0 -1.0 1.0 -1.0 -1.0 -1.0 -1.0 -1.0 -1.0 +1
-1.0 -1.0 -1.0 -1.0 -1.0 -1.0 1.0 -1.0 -1.0 -1.0 -1.0 -1.0 -1.0 -1.0 -1.0 -1.0 -1.0 -1.0 -1.0 -1.0 -1.0 -1.0 1.0 -1.0 -1.0 -1.0 -1.0 -1.0 1.0 -1.0 -1.0 1.0 -1.0 +1
-1.0 -1.0 -1.0 -1.0 1.0 -1.0 -1.0 -1.0 -1.0 -1.0 -1.0 -1.0 1.0 -1.0 1.0 -1.0 1.0 -1.0 1.0 -1.0 -1.0 -1.0 1.0 -1.0 -1.0 -1.0 -1.0 -1.0 1.0 -1.0 -1.0 1.0 -1.0 +1
-1.0 -1.0 -1.0 -1.0 -1.0 -1.0 1.0 -1.0 -1.0 -1.0 -1.0 -1.0 1.0 -1.0 -1.0 -1.0 -1.0 -1.0 -1.0 -1.0 -1.0 -1.0 1.0 -1.0 1.0 -1.0 1.0 -1.0 1.0 -1.0 -1.0 -1.0 -1.0 +1
-1.0 -1.0 -1.0 -1.0 -1.0 -1.0 -1.0 -1.0 -1.0 -1.0 -1.0 -1.0 1.0 -1.0 1.0 -1.0 1.0 -1.0 1.0 -1.0 -1.0 -1.0 -1.0 -1.0 -1.0 -1.0 -1.0 -1.0 1.0 -1.0 -1.0 -1.0 -1.0 +1
-1.0 -1.0 -1.0 -1.0 1.0 -1.0 1.0 -1.0 -1.0 -1.0 -1.0 -1.0 1.0 -1.0 1.0 -1.0 1.0 -1.0 1.0 -1.0 -1.0 -1.0 -1.0 -1.0 -1.0 -1.0 -1.0 -1.0 -1.0 -1.0 1.0 -1.0 -1.0 +1
1.0 -1.0 -1.0 1.0 -1.0 -1.0 1.0 -1.0 -1.0 -1.0 -1.0 -1.0 1.0 -1.0 -1.0 -1.0 1.0 -1.0 1.0 -1.0 -1.0 -1.0 1.0 -1.0 1.0 -1.0 1.0 -1.0 1.0 -1.0 -1.0 1.0 -1.0 +1
-1.0 -1.0 -1.0 -1.0 -1.0 -1.0 1.0 -1.0 -1.0 -1.0 -1.0 -1.0 1.0 -1.0 -1.0 -1.0 -1.0 -1.0 1.0 -1.0 -1.0 -1.0 1.0 -1.0 1.0 -1.0 -1.0 -1.0 1.0 -1.0 -1.0 1.0 -1.0 +1
1.0 -1.0 -1.0 -1.0 -1.0 -1.0 -1.0 -1.0 -1.0 -1.0 -1.0 -1.0 1.0 -1.0 1.0 -1.0 1.0 -1.0 1.0 -1.0 1.0 -1.0 -1.0 -1.0 -1.0 -1.0 -1.0 -1.0 1.0 -1.0 -1.0 1.0 -1.0 +1
-1.0 -1.0 1.0 -1.0 -1.0 -1.0 1.0 -1.0 1.0 -1.0 1.0 -1.0 -1.0 -1.0 -1.0 -1.0 -1.0 -1.0 -1.0 1.0 -1.0 -1.0 1.0 -1.0 1.0 -1.0 1.0 -1.0 -1.0 -1.0 -1.0 1.0 -1.0 +1
-1.0 1.0 -1.0 1.0 1.0 -1.0 1.0 -1.0 -1.0 1.0 -1.0 -1.0 -1.0 1.0 1.0 -1.0 1.0 -1.0 1.0 -1.0 -1.0 -1.0 -1.0 -1.0 1.0 -1.0 -1.0 -1.0 1.0 -1.0 -1.0 1.0 -1.0 +1
-1.0 -1.0 -1.0 -1.0 1.0 -1.0 1.0 -1.0 1.0 -1.0 1.0 -1.0 1.0 -1.0 -1.0 -1.0 -1.0 -1.0 1.0 -1.0 -1.0 -1.0 1.0 -1.0 1.0 -1.0 1.0 -1.0 -1.0 -1.0 1.0 -1.0 -1.0 +1
-1.0 -1.0 -1.0 -1.0 1.0 -1.0 -1.0 -1.0 -1.0 -1.0 -1.0 -1.0 1.0 -1.0 1.0 -1.0 1.0 -1.0 1.0 -1.0 -1.0 -1.0 -1.0 -1.0 -1.0 -1.0 -1.0 -1.0 1.0 -1.0 -1.0 -1.0 -1.0 -1
-1.0 1.0 -1.0 1.0 -1.0 1.0 -1.0 1.0 1.0 -1.0 -1.0 -1.0 1.0 -1.0 -1.0 -1.0 -1.0 -1.0 1.0 -1.0 1.0 -1.0 -1.0 -1.0 -1.0 -1.0 1.0 -1.0 1.0 -1.0 -1.0 1.0 -1.0 -1
-1.0 -1.0 -1.0 -1.0 -1.0 1.0 -1.0 1.0 -1.0 1.0 -1.0 -1.0 1.0 -1.0 1.0 -1.0 1.0 -1.0 1.0 -1.0 -1.0 -1.0 1.0 -1.0 -1.0 -1.0 1.0 -1.0 1.0 -1.0 -1.0 -1.0 -1.0 +1
-1.0 -1.0 -1.0 -1.0 -1.0 -1.0 -1.0 1.0 1.0 -1.0 1.0 -1.0 1.0 -1.0 -1.0 -1.0 1.0 -1.0 1.0 -1.0 -1.0 -1.0 -1.0 1.0 1.0 -1.0 1.0 -1.0 -1.0 -1.0 -1.0 -1.0 -1.0 +1
-1.0 -1.0 -1.0 -1.0 -1.0 -1.0 1.0 -1.0 -1.0 -1.0 -1.0 -1.0 1.0 -1.0 -1.0 -1.0 1.0 -1.0 1.0 -1.0 -1.0 -1.0 1.0 -1.0 -1.0 -1.0 1.0 -1.0 -1.0 -1.0 -1.0 -1.0 -1.0 +1
-1.0 -1.0 -1.0 -1.0 1.0 -1.0 1.0 -1.0 -1.0 -1.0 -1.0 1.0 1.0 -1.0 1.0 -1.0 1.0 -1.0 1.0 -1.0 -1.0 -1.0 1.0 -1.0 -1.0 -1.0 -1.0 -1.0 1.0 -1.0 -1.0 -1.0 -1.0 +1
1.0 -1.0 -1.0 -1.0 -1.0 -1.0 1.0 -1.0 -1.0 -1.0 -1.0 -1.0 1.0 -1.0 -1.0 -1.0 1.0 -1.0 1.0 -1.0 1.0 -1.0 1.0 -1.0 1.0 -1.0 1.0 -1.0 1.0 -1.0 -1.0 -1.0 -1.0 +1
1.0 -1.0 -1.0 -1.0 1.0 -1.0 -1.0 -1.0 -1.0 1.0 -1.0 -1.0 1.0 -1.0 1.0 -1.0 1.0 -1.0 -1.0 -1.0 1.0 -1.0 -1.0 -1.0 -1.0 -1.0 -1.0 -1.0 1.0 -1.0 1.0 -1.0 -1.0 -1
1.0 -1.0 -1.0 -1.0 1.0 -1.0 -1.0 -1.0 -1.0 -1.0 -1.0 -1.0 1.0 -1.0 -1.0 1.0 1.0 -1.0 1.0 -1.0 -1.0 1.0 -1.0 1.0 -1.0 1.0 -1.0 -1.0 1.0 -1.0 -1.0 1.0 -1.0 -1
1.0 -1.0 -1.0 -1.0 1.0 -1.0 -1.0 -1.0 -1.0 -1.0 -1.0 -1.0 1.0 -1.0 1.0 -1.0 1.0 -1.0 -1.0 -1.0 -1.0 -1.0 -1.0 -1.0 -1.0 -1.0 -1.0 -1.0 1.0 -1.0 1.0 -1.0 -1.0 -1
-1.0 1.0 1.0 -1.0 -1.0 -1.0 -1.0 -1.0 1.0 -1.0 -1.0 -1.0 -1.0 -1.0 -1.0 -1.0 -1.0 -1.0 -1.0 -1.0 1.0 -1.0 -1.0 -1.0 1.0 -1.0 -1.0 -1.0 1.0 -1.0 -1.0 -1.0 -1.0 -1
1.0 -1.0 -1.0 -1.0 1.0 -1.0 -1.0 -1.0 -1.0 -1.0 -1.0 -1.0 1.0 -1.0 1.0 -1.0 1.0 -1.0 -1.0 -1.0 1.0 -1.0 -1.0 -1.0 -1.0 1.0 -1.0 -1.0 1.0 -1.0 1.0 -1.0 -1.0 -1
-1.0 -1.0 -1.0 -1.0 1.0 -1.0 -1.0 -1.0 -1.0 -1.0 -1.0 -1.0 1.0 -1.0 1.0 -1.0 1.0 -1.0 -1.0 -1.0 1.0 -1.0 -1.0 -1.0 -1.0 -1.0 -1.0 -1.0 1.0 -1.0 -1.0 -1.0 -1.0 -1
1.0 -1.0 1.0 -1.0 1.0 -1.0 -1.0 -1.0 -1.0 -1.0 -1.0 -1.0 1.0 -1.0 1.0 -1.0 1.0 -1.0 1.0 -1.0 1.0 -1.0 -1.0 -1.0 -1.0 -1.0 -1.0 -1.0 1.0 -1.0 -1.0 -1.0 -1.0 -1
-1.0 -1.0 1.0 -1.0 -1.0 -1.0 1.0 -1.0 -1.0 -1.0 -1.0 -1.0 1.0 -1.0 1.0 -1.0 -1.0 -1.0 -1.0 -1.0 1.0 -1.0 1.0 -1.0 -1.0 -1.0 -1.0 -1.0 1.0 -1.0 -1.0 -1.0 -1.0 +1
1.0 -1.0 1.0 -1.0 1.0 -1.0 -1.0 -1.0 -1.0 -1.0 -1.0 -1.0 1.0 -1.0 1.0 -1.0 1.0 -1.0 1.0 -1.0 -1.0 -1.0 -1.0 -1.0 -1.0 -1.0 -1.0 -1.0 1.0 -1.0 1.0 -1.0 -1.0 +1
-1.0 -1.0 1.0 -1.0 -1.0 -1.0 1.0 -1.0 1.0 -1.0 -1.0 -1.0 -1.0 -1.0 -1.0 -1.0 -1.0 -1.0 1.0 -1.0 1.0 -1.0 -1.0 -1.0 -1.0 1.0 -1.0 -1.0 -1.0 -1.0 -1.0 -1.0 -1.0 +1
1.0 -1.0 1.0 -1.0 1.0 -1.0 -1.0 -1.0 -1.0 -1.0 -1.0 -1.0 1.0 -1.0 1.0 -1.0 1.0 -1.0 1.0 -1.0 1.0 -1.0 -1.0 -1.0 -1.0 -1.0 -1.0 -1.0 1.0 -1.0 1.0 -1.0 -1.0 -1
1.0 -1.0 1.0 -1.0 1.0 -1.0 -1.0 -1.0 -1.0 -1.0 -1.0 -1.0 1.0 -1.0 1.0 -1.0 1.0 -1.0 1.0 -1.0 -1.0 -1.0 -1.0 -1.0 -1.0 -1.0 -1.0 -1.0 1.0 -1.0 -1.0 -1.0 -1.0 -1
-1.0 -1.0 1.0 -1.0 -1.0 -1.0 1.0 -1.0 1.0 -1.0 -1.0 -1.0 -1.0 -1.0 -1.0 -1.0 -1.0 -1.0 -1.0 -1.0 -1.0 -1.0 1.0 -1.0 1.0 -1.0 1.0 -1.0 1.0 -1.0 -1.0 -1.0 -1.0 +1
1.0 -1.0 1.0 -1.0 1.0 -1.0 -1.0 -1.0 -1.0 -1.0 -1.0 -1.0 1.0 -1.0 1.0 -1.0 1.0 -1.0 -1.0 -1.0 1.0 -1.0 -1.0 -1.0 -1.0 -1.0 -1.0 -1.0 1.0 -1.0 -1.0 -1.0 -1.0 -1
-1.0 -1.0 -1.0 -1.0 -1.0 -1.0 -1.0 -1.0 -1.0 -1.0 -1.0 -1.0 -1.0 -1.0 -1.0 -1.0 1.0 -1.0 -1.0 -1.0 -1.0 1.0 -1.0 1.0 -1.0 1.0 -1.0 -1.0 1.0 -1.0 -1.0 -1.0 -1.0 -1
-1.0 -1.0 -1.0 -1.0 -1.0 -1.0 1.0 -1.0 1.0 -1.0 1.0 -1.0 -1.0 -1.0 -1.0 -1.0 -1.0 -1.0 1.0 -1.0 1.0 -1.0 1.0 -1.0 1.0 -1.0 1.0 -1.0 1.0 -1.0 -1.0 -1.0 -1.0 +1
1.0 -1.0 -1.0 -1.0 -1.0 -1.0 1.0 -1.0 1.0 -1.0 -1.0 -1.0 -1.0 -1.0 -1.0 -1.0 -1.0 1.0 -1.0 -1.0 1.0 -1.0 1.0 -1.0 1.0 -1.0 1.0 -1.0 1.0 -1.0 -1.0 -1.0 -1.0 +1
-1.0 -1.0 -1.0 -1.0 1.0 -1.0 -1.0 -1.0 -1.0 -1.0 -1.0 -1.0 1.0 -1.0 1.0 -1.0 1.0 -1.0 -1.0 -1.0 1.0 -1.0 1.0 -1.0 -1.0 -1.0 -1.0 -1.0 1.0 -1.0 -1.0 -1.0 -1.0 -1
-1.0 -1.0 -1.0 -1.0 -1.0 -1.0 1.0 -1.0 1.0 -1.0 1.0 -1.0 -1.0 -1.0 -1.0 -1.0 -1.0 -1.0 -1.0 -1.0 -1.0 -1.0 1.0 -1.0 -1.0 -1.0 1.0 -1.0 1.0 -1.0 -1.0 -1.0 -1.0 +1
-1.0 -1.0 -1.0 -1.0 -1.0 -1.0 1.0 -1.0 1.0 -1.0 1.0 -1.0 -1.0 -1.0 -1.0 -1.0 1.0 -1.0 -1.0 -1.0 1.0 -1.0 1.0 -1.0 1.0 -1.0 1.0 -1.0 1.0 -1.0 -1.0 -1.0 -1.0 +1
-1.0 -1.0 -1.0 -1.0 -1.0 -1.0 1.0 -1.0 1.0 -1.0 1.0 -1.0 -1.0 -1.0 -1.0 -1.0 -1.0 -1.0 1.0 -1.0 1.0 -1.0 1.0 -1.0 1.0 -1.0 1.0 -1.0 1.0 -1.0 -1.0 -1.0 -1.0 +1
-1.0 -1.0 -1.0 -1.0 -1.0 -1.0 -1.0 -1.0 -1.0 -1.0 -1.0 -1.0 -1.0 -1.0 -1.0 -1.0 1.0 -1.0 -1.0 -1.0 1.0 -1.0 1.0 -1.0 -1.0 -1.0 -1.0 -1.0 1.0 -1.0 -1.0 -1.0 -1.0 -1
1.0 -1.0 -1.0 -1.0 -1.0 -1.0 1.0 -1.0 -1.0 -1.0 -1.0 -1.0 -1.0 -1.0 -1.0 -1.0 1.0 -1.0 1.0 -1.0 -1.0 -1.0 1.0 -1.0 -1.0 -1.0 1.0 -1.0 -1.0 -1.0 -1.0 -1.0 -1.0 +1
1.0 -1.0 1.0 -1.0 -1.0 -1.0 1.0 -1.0 1.0 -1.0 -1.0 -1.0 -1.0 -1.0 -1.0 -1.0 -1.0 -1.0 1.0 -1.0 -1.0 -1.0 1.0 -1.0 1.0 -1.0 1.0 -1.0 -1.0 -1.0 -1.0 -1.0 -1.0 +1
1.0 -1.0 -1.0 -1.0 -1.0 -1.0 1.0 -1.0 1.0 -1.0 -1.0 -1.0 -1.0 -1.0 -1.0 -1.0 -1.0 -1.0 1.0 -1.0 -1.0 -1.0 1.0 -1.0 1.0 -1.0 -1.0 -1.0 -1.0 -1.0 -1.0 -1.0 -1.0 +1
1.0 -1.0 -1.0 -1.0 -1.0 -1.0 1.0 -1.0 1.0 -1.0 -1.0 1.0 -1.0 -1.0 -1.0 -1.0 -1.0 -1.0 -1.0 -1.0 -1.0 -1.0 1.0 -1.0 -1.0 1.0 -1.0 -1.0 -1.0 -1.0 -1.0 -1.0 -1.0 +1
1.0 -1.0 1.0 -1.0 -1.0 -1.0 1.0 -1.0 1.0 -1.0 1.0 -1.0 -1.0 -1.0 -1.0 -1.0 1.0 -1.0 -1.0 -1.0 -1.0 -1.0 1.0 -1.0 1.0 -1.0 1.0 -1.0 -1.0 -1.0 -1.0 1.0 -1.0 +1
-1.0 -1.0 1.0 -1.0 -1.0 -1.0 1.0 -1.0 1.0 -1.0 1.0 -1.0 -1.0 -1.0 -1.0 -1.0 -1.0 -1.0 -1.0 -1.0 1.0 -1.0 1.0 -1.0 1.0 -1.0 1.0 -1.0 -1.0 -1.0 -1.0 -1.0 -1.0 +1
1.0 -1.0 1.0 -1.0 1.0 -1.0 -1.0 -1.0 -1.0 -1.0 -1.0 -1.0 -1.0 -1.0 -1.0 -1.0 1.0 -1.0 -1.0 -1.0 1.0 -1.0 -1.0 -1.0 -1.0 -1.0 -1.0 -1.0 1.0 -1.0 -1.0 -1.0 -1.0 -1
-1.0 1.0 -1.0 1.0 -1.0 1.0 1.0 -1.0 1.0 -1.0 1.0 -1.0 -1.0 -1.0 -1.0 -1.0 -1.0 -1.0 -1.0 -1.0 1.0 -1.0 1.0 -1.0 -1.0 -1.0 1.0 -1.0 -1.0 -1.0 -1.0 -1.0 -1.0 +1
-1.0 -1.0 1.0 -1.0 -1.0 -1.0 1.0 -1.0 -1.0 1.0 1.0 -1.0 -1.0 -1.0 -1.0 -1.0 -1.0 -1.0 -1.0 -1.0 1.0 -1.0 -1.0 -1.0 1.0 -1.0 -1.0 1.0 -1.0 -1.0 -1.0 -1.0 -1.0 +1
1.0 -1.0 1.0 -1.0 -1.0 -1.0 -1.0 -1.0 -1.0 -1.0 -1.0 -1.0 1.0 -1.0 1.0 -1.0 -1.0 -1.0 -1.0 -1.0 1.0 -1.0 -1.0 -1.0 -1.0 -1.0 -1.0 -1.0 1.0 -1.0 -1.0 -1.0 -1.0 -1
1.0 -1.0 1.0 -1.0 -1.0 -1.0 1.0 -1.0 1.0 -1.0 1.0 -1.0 -1.0 -1.0 -1.0 -1.0 -1.0 -1.0 -1.0 -1.0 1.0 -1.0 1.0 -1.0 1.0 -1.0 1.0 -1.0 1.0 -1.0 -1.0 -1.0 -1.0 +1
1.0 -1.0 -1.0 1.0 1.0 -1.0 -1.0 -1.0 -1.0 -1.0 -1.0 -1.0 1.0 -1.0 1.0 -1.0 1.0 -1.0 1.0 -1.0 -1.0 -1.0 -1.0 -1.0 -1.0 -1.0 -1.0 -1.0 1.0 -1.0 -1.0 -1.0 -1.0 -1
1.0 -1.0 1.0 -1.0 1.0 -1.0 -1.0 -1.0 -1.0 -1.0 -1.0 -1.0 -1.0 1.0 -1.0 1.0 -1.0 1.0 -1.0 1.0 1.0 -1.0 -1.0 -1.0 -1.0 -1.0 -1.0 -1.0 1.0 -1.0 -1.0 -1.0 -1.0 -1
1.0 -1.0 -1.0 -1.0 1.0 -1.0 -1.0 -1.0 -1.0 -1.0 -1.0 -1.0 1.0 -1.0 1.0 -1.0 1.0 -1.0 -1.0 -1.0 1.0 -1.0 -1.0 -1.0 -1.0 -1.0 -1.0 -1.0 -1.0 1.0 1.0 -1.0 -1.0 -1

